   1  20210111 20210123     -32.2967   11.99999   -32.2967     0.0000
   2  20210111 20210204     -93.3002   23.99999   -93.3002     0.0000
   3  20210111 20210216    -102.7481   35.99999  -102.7481     0.0000
   4  20210111 20210228     -77.6197   47.99998   -77.6197     0.0000
   5  20210111 20210312     -62.0022   59.99999   -62.0022     0.0000
   6  20210111 20210324     -99.8807   71.99999   -99.8807     0.0000
   7  20210111 20210405    -104.5556   83.99999  -104.5556     0.0000
   8  20210111 20210417    -145.8263   96.00000  -145.8263     0.0000
   9  20210111 20210429       3.8695  108.00000     3.8695     0.0000
  10  20210111 20210511     -90.4954  120.00001   -90.4954     0.0000
  11  20210111 20210523    -127.2591  132.00002  -127.2591     0.0000
  12  20210111 20210604    -151.8322  144.00002  -151.8322     0.0000
  13  20210111 20210616    -159.3272  156.00003  -159.3272     0.0000
  14  20210111 20210628     -82.6906  168.00004   -82.6906     0.0000
  15  20210111 20210710     -46.6537  180.00005   -46.6537     0.0000
  16  20210111 20210722     -81.3268  192.00006   -81.3268     0.0000
  17  20210111 20210803    -132.3399  204.00007  -132.3399     0.0000
  18  20210111 20210815    -119.7265  216.00007  -119.7265     0.0000
  19  20210111 20210827    -150.7668  228.00008  -150.7668     0.0000
  20  20210111 20210908     -97.5973  240.00009   -97.5973     0.0000
  21  20210111 20210920     -64.2663  252.00009   -64.2663     0.0000
