   1  20181111 20181123     69.49610     12.0000  -720.00015  -708.00015   -33.4300    36.0661
   2  20181111 20181205     32.23210     24.0000  -720.00015  -696.00016   -33.4300    -1.1979
   3  20181111 20181217     22.41470     36.0000  -720.00015  -684.00016   -33.4300   -11.0153
   4  20181111 20181229    -71.98510     48.0000  -720.00015  -672.00017   -33.4300  -105.4151
   5  20181111 20190110     -0.91000     60.0000  -720.00015  -660.00018   -33.4300   -34.3400
   6  20181111 20190122    -12.74550     72.0000  -720.00015  -648.00018   -33.4300   -46.1755
   7  20181111 20190203     28.84480     84.0000  -720.00015  -636.00018   -33.4300    -4.5852
   8  20181111 20190227    -82.58470    108.0000  -720.00015  -612.00019   -33.4300  -116.0147
   9  20181111 20190311    -80.23630    120.0000  -720.00015  -600.00019   -33.4300  -113.6663
  10  20181111 20190323    -63.37970    132.0000  -720.00015  -588.00018   -33.4300   -96.8097
  11  20181111 20190404    -31.73150    144.0000  -720.00015  -576.00018   -33.4300   -65.1615
  12  20181111 20190416    -35.64750    156.0000  -720.00015  -564.00018   -33.4300   -69.0775
  13  20181111 20190510    -48.28740    180.0000  -720.00015  -540.00017   -33.4300   -81.7174
  14  20181111 20190522    -21.92790    192.0000  -720.00015  -528.00016   -33.4300   -55.3579
  15  20181123 20181205    -37.26400     12.0000  -708.00015  -696.00016    36.0661    -1.1979
  16  20181123 20181217    -47.08140     24.0000  -708.00015  -684.00016    36.0661   -11.0153
  17  20181123 20190110    -70.40610     48.0000  -708.00015  -660.00018    36.0661   -34.3400
  18  20181123 20190122    -82.24160     60.0000  -708.00015  -648.00018    36.0661   -46.1755
  19  20181123 20190203    -40.65130     72.0000  -708.00015  -636.00018    36.0661    -4.5852
  20  20181123 20190522    -91.42400    180.0000  -708.00015  -528.00016    36.0661   -55.3579
  21  20181123 20190603    -88.99110    192.0000  -708.00015  -516.00015    36.0661   -52.9250
  22  20181205 20181217     -9.81740     12.0000  -696.00016  -684.00016    -1.1979   -11.0153
  23  20181205 20190110    -33.14210     36.0000  -696.00016  -660.00018    -1.1979   -34.3400
  24  20181205 20190122    -44.97760     48.0000  -696.00016  -648.00018    -1.1979   -46.1755
  25  20181205 20190203     -3.38730     60.0000  -696.00016  -636.00018    -1.1979    -4.5852
  26  20181205 20190323    -95.61180    108.0000  -696.00016  -588.00018    -1.1979   -96.8097
  27  20181205 20190404    -63.96360    120.0000  -696.00016  -576.00018    -1.1979   -65.1615
  28  20181205 20190416    -67.87960    132.0000  -696.00016  -564.00018    -1.1979   -69.0775
  29  20181205 20190510    -80.51950    156.0000  -696.00016  -540.00017    -1.1979   -81.7174
  30  20181205 20190522    -54.16000    168.0000  -696.00016  -528.00016    -1.1979   -55.3579
  31  20181205 20190603    -51.72710    180.0000  -696.00016  -516.00015    -1.1979   -52.9250
  32  20181205 20190615     -0.41680    192.0000  -696.00016  -504.00015    -1.1979    -1.6147
  33  20181217 20181229    -94.39980     12.0000  -684.00016  -672.00017   -11.0153  -105.4151
  34  20181217 20190110    -23.32470     24.0000  -684.00016  -660.00018   -11.0153   -34.3400
  35  20181217 20190122    -35.16020     36.0000  -684.00016  -648.00018   -11.0153   -46.1755
  36  20181217 20190203      6.43010     48.0000  -684.00016  -636.00018   -11.0153    -4.5852
  37  20181217 20190323    -85.79440     96.0000  -684.00016  -588.00018   -11.0153   -96.8097
  38  20181217 20190404    -54.14620    108.0000  -684.00016  -576.00018   -11.0153   -65.1615
  39  20181217 20190416    -58.06220    120.0000  -684.00016  -564.00018   -11.0153   -69.0775
  40  20181217 20190510    -70.70210    144.0000  -684.00016  -540.00017   -11.0153   -81.7174
  41  20181217 20190522    -44.34260    156.0000  -684.00016  -528.00016   -11.0153   -55.3579
  42  20181217 20190603    -41.90970    168.0000  -684.00016  -516.00015   -11.0153   -52.9250
  43  20181217 20190615      9.40060    180.0000  -684.00016  -504.00015   -11.0153    -1.6147
  44  20181217 20190627    -70.74770    192.0000  -684.00016  -492.00014   -11.0153   -81.7630
  45  20181229 20190110     71.07510     12.0000  -672.00017  -660.00018  -105.4151   -34.3400
  46  20181229 20190122     59.23960     24.0000  -672.00017  -648.00018  -105.4151   -46.1755
  47  20181229 20190227    -10.59960     60.0000  -672.00017  -612.00019  -105.4151  -116.0147
  48  20181229 20190311     -8.25120     72.0000  -672.00017  -600.00019  -105.4151  -113.6663
  49  20181229 20190323      8.60540     84.0000  -672.00017  -588.00018  -105.4151   -96.8097
  50  20181229 20190404     40.25360     96.0000  -672.00017  -576.00018  -105.4151   -65.1615
  51  20181229 20190416     36.33760    108.0000  -672.00017  -564.00018  -105.4151   -69.0775
  52  20181229 20190428    -76.38290    120.0000  -672.00017  -552.00017  -105.4151  -181.7980
  53  20181229 20190510     23.69770    132.0000  -672.00017  -540.00017  -105.4151   -81.7174
  54  20181229 20190522     50.05720    144.0000  -672.00017  -528.00016  -105.4151   -55.3579
  55  20181229 20190603     52.49010    156.0000  -672.00017  -516.00015  -105.4151   -52.9250
  56  20181229 20190627     23.65210    180.0000  -672.00017  -492.00014  -105.4151   -81.7630
  57  20181229 20190709     29.66550    192.0000  -672.00017  -480.00013  -105.4151   -75.7496
  58  20190110 20190122    -11.83550     12.0000  -660.00018  -648.00018   -34.3400   -46.1755
  59  20190110 20190203     29.75480     24.0000  -660.00018  -636.00018   -34.3400    -4.5852
  60  20190110 20190227    -81.67470     48.0000  -660.00018  -612.00019   -34.3400  -116.0147
  61  20190110 20190311    -79.32630     60.0000  -660.00018  -600.00019   -34.3400  -113.6663
  62  20190110 20190323    -62.46970     72.0000  -660.00018  -588.00018   -34.3400   -96.8097
  63  20190110 20190404    -30.82150     84.0000  -660.00018  -576.00018   -34.3400   -65.1615
  64  20190110 20190416    -34.73750     96.0000  -660.00018  -564.00018   -34.3400   -69.0775
  65  20190110 20190510    -47.37740    120.0000  -660.00018  -540.00017   -34.3400   -81.7174
  66  20190110 20190522    -21.01790    132.0000  -660.00018  -528.00016   -34.3400   -55.3579
  67  20190110 20190603    -18.58500    144.0000  -660.00018  -516.00015   -34.3400   -52.9250
  68  20190110 20190615     32.72530    156.0000  -660.00018  -504.00015   -34.3400    -1.6147
  69  20190110 20190627    -47.42300    168.0000  -660.00018  -492.00014   -34.3400   -81.7630
  70  20190110 20190709    -41.40960    180.0000  -660.00018  -480.00013   -34.3400   -75.7496
  71  20190110 20190721    -66.52060    192.0001  -660.00018  -468.00012   -34.3400  -100.8606
  72  20190122 20190203     41.59030     12.0000  -648.00018  -636.00018   -46.1755    -4.5852
  73  20190122 20190227    -69.83920     36.0000  -648.00018  -612.00019   -46.1755  -116.0147
  74  20190122 20190311    -67.49080     48.0000  -648.00018  -600.00019   -46.1755  -113.6663
  75  20190122 20190323    -50.63420     60.0000  -648.00018  -588.00018   -46.1755   -96.8097
  76  20190122 20190404    -18.98600     72.0000  -648.00018  -576.00018   -46.1755   -65.1615
  77  20190122 20190416    -22.90200     84.0000  -648.00018  -564.00018   -46.1755   -69.0775
  78  20190122 20190510    -35.54190    108.0000  -648.00018  -540.00017   -46.1755   -81.7174
  79  20190122 20190522     -9.18240    120.0000  -648.00018  -528.00016   -46.1755   -55.3579
  80  20190122 20190603     -6.74950    132.0000  -648.00018  -516.00015   -46.1755   -52.9250
  81  20190122 20190615     44.56080    144.0000  -648.00018  -504.00015   -46.1755    -1.6147
  82  20190122 20190627    -35.58750    156.0000  -648.00018  -492.00014   -46.1755   -81.7630
  83  20190122 20190709    -29.57410    168.0000  -648.00018  -480.00013   -46.1755   -75.7496
  84  20190122 20190721    -54.68510    180.0001  -648.00018  -468.00012   -46.1755  -100.8606
  85  20190122 20190802     51.52720    192.0001  -648.00018  -456.00011   -46.1755     5.3517
  86  20190203 20190323    -92.22450     48.0000  -636.00018  -588.00018    -4.5852   -96.8097
  87  20190203 20190404    -60.57630     60.0000  -636.00018  -576.00018    -4.5852   -65.1615
  88  20190203 20190416    -64.49230     72.0000  -636.00018  -564.00018    -4.5852   -69.0775
  89  20190203 20190510    -77.13220     96.0000  -636.00018  -540.00017    -4.5852   -81.7174
  90  20190203 20190522    -50.77270    108.0000  -636.00018  -528.00016    -4.5852   -55.3579
  91  20190203 20190603    -48.33980    120.0000  -636.00018  -516.00015    -4.5852   -52.9250
  92  20190203 20190615      2.97050    132.0000  -636.00018  -504.00015    -4.5852    -1.6147
  93  20190203 20190627    -77.17780    144.0000  -636.00018  -492.00014    -4.5852   -81.7630
  94  20190203 20190709    -71.16440    156.0001  -636.00018  -480.00013    -4.5852   -75.7496
  95  20190203 20190721    -96.27540    168.0001  -636.00018  -468.00012    -4.5852  -100.8606
  96  20190203 20190802      9.93690    180.0001  -636.00018  -456.00011    -4.5852     5.3517
  97  20190227 20190311      2.34840     12.0000  -612.00019  -600.00019  -116.0147  -113.6663
  98  20190227 20190323     19.20500     24.0000  -612.00019  -588.00018  -116.0147   -96.8097
  99  20190227 20190404     50.85320     36.0000  -612.00019  -576.00018  -116.0147   -65.1615
 100  20190227 20190416     46.93720     48.0000  -612.00019  -564.00018  -116.0147   -69.0775
 101  20190227 20190428    -65.78330     60.0000  -612.00019  -552.00017  -116.0147  -181.7980
 102  20190227 20190510     34.29730     72.0000  -612.00019  -540.00017  -116.0147   -81.7174
 103  20190227 20190522     60.65680     84.0000  -612.00019  -528.00016  -116.0147   -55.3579
 104  20190227 20190603     63.08970     96.0000  -612.00019  -516.00015  -116.0147   -52.9250
 105  20190227 20190627     34.25170    120.0000  -612.00019  -492.00014  -116.0147   -81.7630
 106  20190227 20190709     40.26510    132.0001  -612.00019  -480.00013  -116.0147   -75.7496
 107  20190227 20190721     15.15410    144.0001  -612.00019  -468.00012  -116.0147  -100.8606
 108  20190227 20190814      8.97640    168.0001  -612.00019  -444.00010  -116.0147  -107.0383
 109  20190227 20190826    -22.89370    180.0001  -612.00019  -432.00009  -116.0147  -138.9084
 110  20190311 20190323     16.85660     12.0000  -600.00019  -588.00018  -113.6663   -96.8097
 111  20190311 20190404     48.50480     24.0000  -600.00019  -576.00018  -113.6663   -65.1615
 112  20190311 20190416     44.58880     36.0000  -600.00019  -564.00018  -113.6663   -69.0775
 113  20190311 20190428    -68.13170     48.0000  -600.00019  -552.00017  -113.6663  -181.7980
 114  20190311 20190510     31.94890     60.0000  -600.00019  -540.00017  -113.6663   -81.7174
 115  20190311 20190522     58.30840     72.0000  -600.00019  -528.00016  -113.6663   -55.3579
 116  20190311 20190603     60.74130     84.0000  -600.00019  -516.00015  -113.6663   -52.9250
 117  20190311 20190627     31.90330    108.0001  -600.00019  -492.00014  -113.6663   -81.7630
 118  20190311 20190709     37.91670    120.0001  -600.00019  -480.00013  -113.6663   -75.7496
 119  20190311 20190721     12.80570    132.0001  -600.00019  -468.00012  -113.6663  -100.8606
 120  20190311 20190814      6.62800    156.0001  -600.00019  -444.00010  -113.6663  -107.0383
 121  20190311 20190826    -25.24210    168.0001  -600.00019  -432.00009  -113.6663  -138.9084
 122  20190311 20190919     47.75480    192.0001  -600.00019  -408.00008  -113.6663   -65.9115
 123  20190323 20190404     31.64820     12.0000  -588.00018  -576.00018   -96.8097   -65.1615
 124  20190323 20190416     27.73220     24.0000  -588.00018  -564.00018   -96.8097   -69.0775
 125  20190323 20190428    -84.98830     36.0000  -588.00018  -552.00017   -96.8097  -181.7980
 126  20190323 20190510     15.09230     48.0000  -588.00018  -540.00017   -96.8097   -81.7174
 127  20190323 20190522     41.45180     60.0000  -588.00018  -528.00016   -96.8097   -55.3579
 128  20190323 20190603     43.88470     72.0000  -588.00018  -516.00015   -96.8097   -52.9250
 129  20190323 20190615     95.19500     84.0000  -588.00018  -504.00015   -96.8097    -1.6147
 130  20190323 20190627     15.04670     96.0000  -588.00018  -492.00014   -96.8097   -81.7630
 131  20190323 20190709     21.06010    108.0001  -588.00018  -480.00013   -96.8097   -75.7496
 132  20190323 20190721     -4.05090    120.0001  -588.00018  -468.00012   -96.8097  -100.8606
 133  20190323 20190814    -10.22860    144.0001  -588.00018  -444.00010   -96.8097  -107.0383
 134  20190323 20190826    -42.09870    156.0001  -588.00018  -432.00009   -96.8097  -138.9084
 135  20190323 20190919     30.89820    180.0001  -588.00018  -408.00008   -96.8097   -65.9115
 136  20190323 20191001    -26.94980    192.0001  -588.00018  -396.00007   -96.8097  -123.7595
 137  20190404 20190416     -3.91600     12.0000  -576.00018  -564.00018   -65.1615   -69.0775
 138  20190404 20190510    -16.55590     36.0000  -576.00018  -540.00017   -65.1615   -81.7174
 139  20190404 20190522      9.80360     48.0000  -576.00018  -528.00016   -65.1615   -55.3579
 140  20190404 20190603     12.23650     60.0000  -576.00018  -516.00015   -65.1615   -52.9250
 141  20190404 20190615     63.54680     72.0000  -576.00018  -504.00015   -65.1615    -1.6147
 142  20190404 20190627    -16.60150     84.0000  -576.00018  -492.00014   -65.1615   -81.7630
 143  20190404 20190709    -10.58810     96.0001  -576.00018  -480.00013   -65.1615   -75.7496
 144  20190404 20190721    -35.69910    108.0001  -576.00018  -468.00012   -65.1615  -100.8606
 145  20190404 20190802     70.51320    120.0001  -576.00018  -456.00011   -65.1615     5.3517
 146  20190404 20190814    -41.87680    132.0001  -576.00018  -444.00010   -65.1615  -107.0383
 147  20190404 20190826    -73.74690    144.0001  -576.00018  -432.00009   -65.1615  -138.9084
 148  20190404 20190919     -0.75000    168.0001  -576.00018  -408.00008   -65.1615   -65.9115
 149  20190404 20191001    -58.59800    180.0001  -576.00018  -396.00007   -65.1615  -123.7595
 150  20190404 20191013     73.80670    192.0001  -576.00018  -384.00008   -65.1615     8.6452
 151  20190416 20190510    -12.63990     24.0000  -564.00018  -540.00017   -69.0775   -81.7174
 152  20190416 20190522     13.71960     36.0000  -564.00018  -528.00016   -69.0775   -55.3579
 153  20190416 20190603     16.15250     48.0000  -564.00018  -516.00015   -69.0775   -52.9250
 154  20190416 20190615     67.46280     60.0000  -564.00018  -504.00015   -69.0775    -1.6147
 155  20190416 20190627    -12.68550     72.0000  -564.00018  -492.00014   -69.0775   -81.7630
 156  20190416 20190709     -6.67210     84.0001  -564.00018  -480.00013   -69.0775   -75.7496
 157  20190416 20190721    -31.78310     96.0001  -564.00018  -468.00012   -69.0775  -100.8606
 158  20190416 20190802     74.42920    108.0001  -564.00018  -456.00011   -69.0775     5.3517
 159  20190416 20190814    -37.96080    120.0001  -564.00018  -444.00010   -69.0775  -107.0383
 160  20190416 20190826    -69.83090    132.0001  -564.00018  -432.00009   -69.0775  -138.9084
 161  20190416 20190919      3.16600    156.0001  -564.00018  -408.00008   -69.0775   -65.9115
 162  20190416 20191001    -54.68200    168.0001  -564.00018  -396.00007   -69.0775  -123.7595
 163  20190416 20191013     77.72270    180.0001  -564.00018  -384.00008   -69.0775     8.6452
 164  20190416 20191025     88.78050    192.0001  -564.00018  -372.00008   -69.0775    19.7030
 165  20190428 20190721     80.93740     84.0001  -552.00017  -468.00012  -181.7980  -100.8606
 166  20190428 20190814     74.75970    108.0001  -552.00017  -444.00010  -181.7980  -107.0383
 167  20190428 20190826     42.88960    120.0001  -552.00017  -432.00009  -181.7980  -138.9084
 168  20190428 20191001     58.03850    156.0001  -552.00017  -396.00007  -181.7980  -123.7595
 169  20190428 20191106     85.76610    192.0001  -552.00017  -360.00007  -181.7980   -96.0319
 170  20190510 20190522     26.35950     12.0000  -540.00017  -528.00016   -81.7174   -55.3579
 171  20190510 20190603     28.79240     24.0000  -540.00017  -516.00015   -81.7174   -52.9250
 172  20190510 20190615     80.10270     36.0000  -540.00017  -504.00015   -81.7174    -1.6147
 173  20190510 20190627     -0.04560     48.0000  -540.00017  -492.00014   -81.7174   -81.7630
 174  20190510 20190709      5.96780     60.0000  -540.00017  -480.00013   -81.7174   -75.7496
 175  20190510 20190721    -19.14320     72.0000  -540.00017  -468.00012   -81.7174  -100.8606
 176  20190510 20190802     87.06910     84.0001  -540.00017  -456.00011   -81.7174     5.3517
 177  20190510 20190814    -25.32090     96.0001  -540.00017  -444.00010   -81.7174  -107.0383
 178  20190510 20190826    -57.19100    108.0001  -540.00017  -432.00009   -81.7174  -138.9084
 179  20190510 20190919     15.80590    132.0001  -540.00017  -408.00008   -81.7174   -65.9115
 180  20190510 20191001    -42.04210    144.0001  -540.00017  -396.00007   -81.7174  -123.7595
 181  20190510 20191013     90.36260    156.0001  -540.00017  -384.00008   -81.7174     8.6452
 182  20190510 20191106    -14.31450    180.0001  -540.00017  -360.00007   -81.7174   -96.0319
 183  20190510 20191118    -60.29290    192.0001  -540.00017  -348.00008   -81.7174  -142.0103
 184  20190522 20190603      2.43290     12.0000  -528.00016  -516.00015   -55.3579   -52.9250
 185  20190522 20190615     53.74320     24.0000  -528.00016  -504.00015   -55.3579    -1.6147
 186  20190522 20190627    -26.40510     36.0000  -528.00016  -492.00014   -55.3579   -81.7630
 187  20190522 20190709    -20.39170     48.0000  -528.00016  -480.00013   -55.3579   -75.7496
 188  20190522 20190721    -45.50270     60.0000  -528.00016  -468.00012   -55.3579  -100.8606
 189  20190522 20190802     60.70960     72.0000  -528.00016  -456.00011   -55.3579     5.3517
 190  20190522 20190814    -51.68040     84.0001  -528.00016  -444.00010   -55.3579  -107.0383
 191  20190522 20190826    -83.55050     96.0001  -528.00016  -432.00009   -55.3579  -138.9084
 192  20190522 20190919    -10.55360    120.0001  -528.00016  -408.00008   -55.3579   -65.9115
 193  20190522 20191001    -68.40160    132.0001  -528.00016  -396.00007   -55.3579  -123.7595
 194  20190522 20191013     64.00310    144.0001  -528.00016  -384.00008   -55.3579     8.6452
 195  20190522 20191025     75.06090    156.0001  -528.00016  -372.00008   -55.3579    19.7030
 196  20190522 20191106    -40.67400    168.0001  -528.00016  -360.00007   -55.3579   -96.0319
 197  20190522 20191118    -86.65240    180.0001  -528.00016  -348.00008   -55.3579  -142.0103
 198  20190522 20191130      2.65910    192.0001  -528.00016  -336.00008   -55.3579   -52.6988
 199  20190603 20190615     51.31030     12.0000  -516.00015  -504.00015   -52.9250    -1.6147
 200  20190603 20190627    -28.83800     24.0000  -516.00015  -492.00014   -52.9250   -81.7630
 201  20190603 20190709    -22.82460     36.0000  -516.00015  -480.00013   -52.9250   -75.7496
 202  20190603 20190721    -47.93560     48.0000  -516.00015  -468.00012   -52.9250  -100.8606
 203  20190603 20190802     58.27670     60.0000  -516.00015  -456.00011   -52.9250     5.3517
 204  20190603 20190814    -54.11330     72.0001  -516.00015  -444.00010   -52.9250  -107.0383
 205  20190603 20190826    -85.98340     84.0001  -516.00015  -432.00009   -52.9250  -138.9084
 206  20190603 20190919    -12.98650    108.0001  -516.00015  -408.00008   -52.9250   -65.9115
 207  20190603 20191001    -70.83450    120.0001  -516.00015  -396.00007   -52.9250  -123.7595
 208  20190603 20191013     61.57020    132.0001  -516.00015  -384.00008   -52.9250     8.6452
 209  20190603 20191025     72.62800    144.0001  -516.00015  -372.00008   -52.9250    19.7030
 210  20190603 20191106    -43.10690    156.0001  -516.00015  -360.00007   -52.9250   -96.0319
 211  20190603 20191118    -89.08530    168.0001  -516.00015  -348.00008   -52.9250  -142.0103
 212  20190603 20191130      0.22620    180.0001  -516.00015  -336.00008   -52.9250   -52.6988
 213  20190603 20191212     66.95260    192.0001  -516.00015  -324.00009   -52.9250    14.0276
 214  20190615 20190627    -80.14830     12.0000  -504.00015  -492.00014    -1.6147   -81.7630
 215  20190615 20190709    -74.13490     24.0000  -504.00015  -480.00013    -1.6147   -75.7496
 216  20190615 20190721    -99.24590     36.0000  -504.00015  -468.00012    -1.6147  -100.8606
 217  20190615 20190802      6.96640     48.0000  -504.00015  -456.00011    -1.6147     5.3517
 218  20190615 20190919    -64.29680     96.0001  -504.00015  -408.00008    -1.6147   -65.9115
 219  20190615 20191013     10.25990    120.0001  -504.00015  -384.00008    -1.6147     8.6452
 220  20190615 20191025     21.31770    132.0001  -504.00015  -372.00008    -1.6147    19.7030
 221  20190615 20191106    -94.41720    144.0001  -504.00015  -360.00007    -1.6147   -96.0319
 222  20190615 20191130    -51.08410    168.0001  -504.00015  -336.00008    -1.6147   -52.6988
 223  20190615 20191212     15.64230    180.0001  -504.00015  -324.00009    -1.6147    14.0276
 224  20190615 20191224     21.44290    192.0001  -504.00015  -312.00009    -1.6147    19.8282
 225  20190627 20190709      6.01340     12.0000  -492.00014  -480.00013   -81.7630   -75.7496
 226  20190627 20190721    -19.09760     24.0000  -492.00014  -468.00012   -81.7630  -100.8606
 227  20190627 20190802     87.11470     36.0000  -492.00014  -456.00011   -81.7630     5.3517
 228  20190627 20190814    -25.27530     48.0000  -492.00014  -444.00010   -81.7630  -107.0383
 229  20190627 20190826    -57.14540     60.0000  -492.00014  -432.00009   -81.7630  -138.9084
 230  20190627 20190919     15.85150     84.0001  -492.00014  -408.00008   -81.7630   -65.9115
 231  20190627 20191001    -41.99650     96.0001  -492.00014  -396.00007   -81.7630  -123.7595
 232  20190627 20191013     90.40820    108.0001  -492.00014  -384.00008   -81.7630     8.6452
 233  20190627 20191106    -14.26890    132.0001  -492.00014  -360.00007   -81.7630   -96.0319
 234  20190627 20191118    -60.24730    144.0001  -492.00014  -348.00008   -81.7630  -142.0103
 235  20190627 20191130     29.06420    156.0001  -492.00014  -336.00008   -81.7630   -52.6988
 236  20190627 20191212     95.79060    168.0000  -492.00014  -324.00009   -81.7630    14.0276
 237  20190627 20200105     49.76720    192.0000  -492.00014  -300.00010   -81.7630   -31.9958
 238  20190709 20190721    -25.11100     12.0000  -480.00013  -468.00012   -75.7496  -100.8606
 239  20190709 20190802     81.10130     24.0000  -480.00013  -456.00011   -75.7496     5.3517
 240  20190709 20190814    -31.28870     36.0000  -480.00013  -444.00010   -75.7496  -107.0383
 241  20190709 20190826    -63.15880     48.0000  -480.00013  -432.00009   -75.7496  -138.9084
 242  20190709 20190919      9.83810     72.0000  -480.00013  -408.00008   -75.7496   -65.9115
 243  20190709 20191001    -48.00990     84.0001  -480.00013  -396.00007   -75.7496  -123.7595
 244  20190709 20191013     84.39480     96.0001  -480.00013  -384.00008   -75.7496     8.6452
 245  20190709 20191025     95.45260    108.0001  -480.00013  -372.00008   -75.7496    19.7030
 246  20190709 20191106    -20.28230    120.0001  -480.00013  -360.00007   -75.7496   -96.0319
 247  20190709 20191118    -66.26070    132.0001  -480.00013  -348.00008   -75.7496  -142.0103
 248  20190709 20191130     23.05080    144.0000  -480.00013  -336.00008   -75.7496   -52.6988
 249  20190709 20191212     89.77720    156.0000  -480.00013  -324.00009   -75.7496    14.0276
 250  20190709 20191224     95.57780    168.0000  -480.00013  -312.00009   -75.7496    19.8282
 251  20190709 20200105     43.75380    180.0000  -480.00013  -300.00010   -75.7496   -31.9958
 252  20190709 20200117     -4.36150    192.0000  -480.00013  -288.00010   -75.7496   -80.1111
 253  20190721 20190814     -6.17770     24.0000  -468.00012  -444.00010  -100.8606  -107.0383
 254  20190721 20190826    -38.04780     36.0000  -468.00012  -432.00009  -100.8606  -138.9084
 255  20190721 20190919     34.94910     60.0000  -468.00012  -408.00008  -100.8606   -65.9115
 256  20190721 20191001    -22.89890     72.0000  -468.00012  -396.00007  -100.8606  -123.7595
 257  20190721 20191106      4.82870    108.0000  -468.00012  -360.00007  -100.8606   -96.0319
 258  20190721 20191118    -41.14970    120.0000  -468.00012  -348.00008  -100.8606  -142.0103
 259  20190721 20191130     48.16180    132.0000  -468.00012  -336.00008  -100.8606   -52.6988
 260  20190721 20200105     68.86480    168.0000  -468.00012  -300.00010  -100.8606   -31.9958
 261  20190721 20200117     20.74950    180.0000  -468.00012  -288.00010  -100.8606   -80.1111
 262  20190721 20200129     28.29540    192.0000  -468.00012  -276.00011  -100.8606   -72.5652
 263  20190802 20190919    -71.26320     48.0000  -456.00011  -408.00008     5.3517   -65.9115
 264  20190802 20191013      3.29350     72.0000  -456.00011  -384.00008     5.3517     8.6452
 265  20190802 20191025     14.35130     84.0000  -456.00011  -372.00008     5.3517    19.7030
 266  20190802 20191130    -58.05050    120.0000  -456.00011  -336.00008     5.3517   -52.6988
 267  20190802 20191212      8.67590    132.0000  -456.00011  -324.00009     5.3517    14.0276
 268  20190802 20191224     14.47650    144.0000  -456.00011  -312.00009     5.3517    19.8282
 269  20190802 20200105    -37.34750    156.0000  -456.00011  -300.00010     5.3517   -31.9958
 270  20190802 20200117    -85.46280    168.0000  -456.00011  -288.00010     5.3517   -80.1111
 271  20190802 20200129    -77.91690    180.0000  -456.00011  -276.00011     5.3517   -72.5652
 272  20190802 20200210    -37.05930    192.0000  -456.00011  -264.00011     5.3517   -31.7076
 273  20190814 20190826    -31.87010     12.0000  -444.00010  -432.00009  -107.0383  -138.9084
 274  20190814 20190919     41.12680     36.0000  -444.00010  -408.00008  -107.0383   -65.9115
 275  20190814 20191001    -16.72120     48.0000  -444.00010  -396.00007  -107.0383  -123.7595
 276  20190814 20191106     11.00640     84.0000  -444.00010  -360.00007  -107.0383   -96.0319
 277  20190814 20191118    -34.97200     96.0000  -444.00010  -348.00008  -107.0383  -142.0103
 278  20190814 20191130     54.33950    108.0000  -444.00010  -336.00008  -107.0383   -52.6988
 279  20190814 20200105     75.04250    144.0000  -444.00010  -300.00010  -107.0383   -31.9958
 280  20190814 20200117     26.92720    156.0000  -444.00010  -288.00010  -107.0383   -80.1111
 281  20190814 20200129     34.47310    168.0000  -444.00010  -276.00011  -107.0383   -72.5652
 282  20190814 20200210     75.33070    180.0000  -444.00010  -264.00011  -107.0383   -31.7076
 283  20190814 20200222     79.95940    192.0000  -444.00010  -252.00011  -107.0383   -27.0789
 284  20190826 20190919     72.99690     24.0000  -432.00009  -408.00008  -138.9084   -65.9115
 285  20190826 20191001     15.14890     36.0000  -432.00009  -396.00007  -138.9084  -123.7595
 286  20190826 20191106     42.87650     72.0000  -432.00009  -360.00007  -138.9084   -96.0319
 287  20190826 20191118     -3.10190     84.0000  -432.00009  -348.00008  -138.9084  -142.0103
 288  20190826 20191130     86.20960     96.0000  -432.00009  -336.00008  -138.9084   -52.6988
 289  20190826 20200117     58.79730    144.0000  -432.00009  -288.00010  -138.9084   -80.1111
 290  20190826 20200129     66.34320    156.0000  -432.00009  -276.00011  -138.9084   -72.5652
 291  20190826 20200305     64.47890    192.0000  -432.00009  -240.00011  -138.9084   -74.4295
 292  20190919 20191001    -57.84800     12.0000  -408.00008  -396.00007   -65.9115  -123.7595
 293  20190919 20191013     74.55670     24.0000  -408.00008  -384.00008   -65.9115     8.6452
 294  20190919 20191025     85.61450     36.0000  -408.00008  -372.00008   -65.9115    19.7030
 295  20190919 20191106    -30.12040     48.0000  -408.00008  -360.00007   -65.9115   -96.0319
 296  20190919 20191118    -76.09880     60.0000  -408.00008  -348.00008   -65.9115  -142.0103
 297  20190919 20191130     13.21270     72.0000  -408.00008  -336.00008   -65.9115   -52.6988
 298  20190919 20191212     79.93910     84.0000  -408.00008  -324.00009   -65.9115    14.0276
 299  20190919 20191224     85.73970     96.0000  -408.00008  -312.00009   -65.9115    19.8282
 300  20190919 20200105     33.91570    108.0000  -408.00008  -300.00010   -65.9115   -31.9958
 301  20190919 20200117    -14.19960    120.0000  -408.00008  -288.00010   -65.9115   -80.1111
 302  20190919 20200129     -6.65370    132.0000  -408.00008  -276.00011   -65.9115   -72.5652
 303  20190919 20200210     34.20390    144.0000  -408.00008  -264.00011   -65.9115   -31.7076
 304  20190919 20200222     38.83260    156.0000  -408.00008  -252.00011   -65.9115   -27.0789
 305  20190919 20200305     -8.51800    168.0000  -408.00008  -240.00011   -65.9115   -74.4295
 306  20190919 20200317    -63.53660    180.0000  -408.00008  -228.00011   -65.9115  -129.4481
 307  20190919 20200329    -39.46250    192.0000  -408.00008  -216.00011   -65.9115  -105.3740
 308  20191001 20191106     27.72760     36.0000  -396.00007  -360.00007  -123.7595   -96.0319
 309  20191001 20191118    -18.25080     48.0000  -396.00007  -348.00008  -123.7595  -142.0103
 310  20191001 20191130     71.06070     60.0000  -396.00007  -336.00008  -123.7595   -52.6988
 311  20191001 20200105     91.76370     96.0000  -396.00007  -300.00010  -123.7595   -31.9958
 312  20191001 20200117     43.64840    108.0000  -396.00007  -288.00010  -123.7595   -80.1111
 313  20191001 20200129     51.19430    120.0000  -396.00007  -276.00011  -123.7595   -72.5652
 314  20191001 20200210     92.05190    132.0000  -396.00007  -264.00011  -123.7595   -31.7076
 315  20191001 20200222     96.68060    144.0000  -396.00007  -252.00011  -123.7595   -27.0789
 316  20191001 20200305     49.33000    156.0000  -396.00007  -240.00011  -123.7595   -74.4295
 317  20191001 20200317     -5.68860    168.0000  -396.00007  -228.00011  -123.7595  -129.4481
 318  20191001 20200329     18.38550    180.0000  -396.00007  -216.00011  -123.7595  -105.3740
 319  20191001 20200410     34.96010    192.0000  -396.00007  -204.00011  -123.7595   -88.7994
 320  20191013 20191025     11.05780     12.0000  -384.00008  -372.00008     8.6452    19.7030
 321  20191013 20191130    -61.34400     48.0000  -384.00008  -336.00008     8.6452   -52.6988
 322  20191013 20191212      5.38240     60.0000  -384.00008  -324.00009     8.6452    14.0276
 323  20191013 20191224     11.18300     72.0000  -384.00008  -312.00009     8.6452    19.8282
 324  20191013 20200105    -40.64100     84.0000  -384.00008  -300.00010     8.6452   -31.9958
 325  20191013 20200117    -88.75630     96.0000  -384.00008  -288.00010     8.6452   -80.1111
 326  20191013 20200129    -81.21040    108.0000  -384.00008  -276.00011     8.6452   -72.5652
 327  20191013 20200210    -40.35280    120.0000  -384.00008  -264.00011     8.6452   -31.7076
 328  20191013 20200222    -35.72410    132.0000  -384.00008  -252.00011     8.6452   -27.0789
 329  20191013 20200305    -83.07470    144.0000  -384.00008  -240.00011     8.6452   -74.4295
 330  20191013 20200410    -97.44460    180.0000  -384.00008  -204.00011     8.6452   -88.7994
 331  20191013 20200422    -55.85920    192.0000  -384.00008  -192.00010     8.6452   -47.2140
 332  20191025 20191130    -72.40180     36.0000  -372.00008  -336.00008    19.7030   -52.6988
 333  20191025 20191212     -5.67540     48.0000  -372.00008  -324.00009    19.7030    14.0276
 334  20191025 20191224      0.12520     60.0000  -372.00008  -312.00009    19.7030    19.8282
 335  20191025 20200105    -51.69880     72.0000  -372.00008  -300.00010    19.7030   -31.9958
 336  20191025 20200117    -99.81410     84.0000  -372.00008  -288.00010    19.7030   -80.1111
 337  20191025 20200129    -92.26820     96.0000  -372.00008  -276.00011    19.7030   -72.5652
 338  20191025 20200210    -51.41060    108.0000  -372.00008  -264.00011    19.7030   -31.7076
 339  20191025 20200222    -46.78190    120.0000  -372.00008  -252.00011    19.7030   -27.0789
 340  20191025 20200305    -94.13250    132.0000  -372.00008  -240.00011    19.7030   -74.4295
 341  20191025 20200422    -66.91700    180.0000  -372.00008  -192.00010    19.7030   -47.2140
 342  20191025 20200504    -76.51950    192.0000  -372.00008  -180.00009    19.7030   -56.8165
 343  20191106 20191118    -45.97840     12.0000  -360.00007  -348.00008   -96.0319  -142.0103
 344  20191106 20191130     43.33310     24.0000  -360.00007  -336.00008   -96.0319   -52.6988
 345  20191106 20200105     64.03610     60.0000  -360.00007  -300.00010   -96.0319   -31.9958
 346  20191106 20200117     15.92080     72.0000  -360.00007  -288.00010   -96.0319   -80.1111
 347  20191106 20200129     23.46670     84.0000  -360.00007  -276.00011   -96.0319   -72.5652
 348  20191106 20200210     64.32430     96.0000  -360.00007  -264.00011   -96.0319   -31.7076
 349  20191106 20200222     68.95300    108.0000  -360.00007  -252.00011   -96.0319   -27.0789
 350  20191106 20200305     21.60240    120.0000  -360.00007  -240.00011   -96.0319   -74.4295
 351  20191106 20200317    -33.41620    132.0000  -360.00007  -228.00011   -96.0319  -129.4481
 352  20191106 20200329     -9.34210    144.0000  -360.00007  -216.00011   -96.0319  -105.3740
 353  20191106 20200410      7.23250    156.0000  -360.00007  -204.00011   -96.0319   -88.7994
 354  20191106 20200422     48.81790    168.0000  -360.00007  -192.00010   -96.0319   -47.2140
 355  20191106 20200504     39.21540    180.0000  -360.00007  -180.00009   -96.0319   -56.8165
 356  20191106 20200516      7.28220    192.0000  -360.00007  -168.00009   -96.0319   -88.7497
 357  20191118 20191130     89.31150     12.0000  -348.00008  -336.00008  -142.0103   -52.6988
 358  20191118 20200117     61.89920     60.0000  -348.00008  -288.00010  -142.0103   -80.1111
 359  20191118 20200129     69.44510     72.0000  -348.00008  -276.00011  -142.0103   -72.5652
 360  20191118 20200305     67.58080    108.0000  -348.00008  -240.00011  -142.0103   -74.4295
 361  20191118 20200317     12.56220    120.0000  -348.00008  -228.00011  -142.0103  -129.4481
 362  20191118 20200329     36.63630    132.0000  -348.00008  -216.00011  -142.0103  -105.3740
 363  20191118 20200410     53.21090    144.0000  -348.00008  -204.00011  -142.0103   -88.7994
 364  20191118 20200422     94.79630    156.0000  -348.00008  -192.00010  -142.0103   -47.2140
 365  20191118 20200504     85.19380    168.0000  -348.00008  -180.00009  -142.0103   -56.8165
 366  20191118 20200516     53.26060    180.0000  -348.00008  -168.00009  -142.0103   -88.7497
 367  20191118 20200528     35.49370    192.0000  -348.00008  -156.00008  -142.0103  -106.5166
 368  20191130 20191212     66.72640     12.0000  -336.00008  -324.00009   -52.6988    14.0276
 369  20191130 20191224     72.52700     24.0000  -336.00008  -312.00009   -52.6988    19.8282
 370  20191130 20200105     20.70300     36.0000  -336.00008  -300.00010   -52.6988   -31.9958
 371  20191130 20200117    -27.41230     48.0000  -336.00008  -288.00010   -52.6988   -80.1111
 372  20191130 20200129    -19.86640     60.0000  -336.00008  -276.00011   -52.6988   -72.5652
 373  20191130 20200210     20.99120     72.0000  -336.00008  -264.00011   -52.6988   -31.7076
 374  20191130 20200222     25.61990     84.0000  -336.00008  -252.00011   -52.6988   -27.0789
 375  20191130 20200305    -21.73070     96.0000  -336.00008  -240.00011   -52.6988   -74.4295
 376  20191130 20200317    -76.74930    108.0000  -336.00008  -228.00011   -52.6988  -129.4481
 377  20191130 20200329    -52.67520    120.0000  -336.00008  -216.00011   -52.6988  -105.3740
 378  20191130 20200410    -36.10060    132.0000  -336.00008  -204.00011   -52.6988   -88.7994
 379  20191130 20200422      5.48480    144.0000  -336.00008  -192.00010   -52.6988   -47.2140
 380  20191130 20200504     -4.11770    156.0000  -336.00008  -180.00009   -52.6988   -56.8165
 381  20191130 20200516    -36.05090    168.0000  -336.00008  -168.00009   -52.6988   -88.7497
 382  20191130 20200528    -53.81780    180.0000  -336.00008  -156.00008   -52.6988  -106.5166
 383  20191130 20200609     23.87140    192.0000  -336.00008  -144.00007   -52.6988   -28.8274
 384  20191212 20191224      5.80060     12.0000  -324.00009  -312.00009    14.0276    19.8282
 385  20191212 20200105    -46.02340     24.0000  -324.00009  -300.00010    14.0276   -31.9958
 386  20191212 20200117    -94.13870     36.0000  -324.00009  -288.00010    14.0276   -80.1111
 387  20191212 20200129    -86.59280     48.0000  -324.00009  -276.00011    14.0276   -72.5652
 388  20191212 20200210    -45.73520     60.0000  -324.00009  -264.00011    14.0276   -31.7076
 389  20191212 20200222    -41.10650     72.0000  -324.00009  -252.00011    14.0276   -27.0789
 390  20191212 20200305    -88.45710     84.0000  -324.00009  -240.00011    14.0276   -74.4295
 391  20191212 20200422    -61.24160    132.0000  -324.00009  -192.00010    14.0276   -47.2140
 392  20191212 20200504    -70.84410    144.0000  -324.00009  -180.00009    14.0276   -56.8165
 393  20191212 20200609    -42.85500    180.0000  -324.00009  -144.00007    14.0276   -28.8274
 394  20191212 20200621    -65.92630    192.0000  -324.00009  -132.00006    14.0276   -51.8987
 395  20191224 20200105    -51.82400     12.0000  -312.00009  -300.00010    19.8282   -31.9958
 396  20191224 20200117    -99.93930     24.0000  -312.00009  -288.00010    19.8282   -80.1111
 397  20191224 20200129    -92.39340     36.0000  -312.00009  -276.00011    19.8282   -72.5652
 398  20191224 20200210    -51.53580     48.0000  -312.00009  -264.00011    19.8282   -31.7076
 399  20191224 20200222    -46.90710     60.0000  -312.00009  -252.00011    19.8282   -27.0789
 400  20191224 20200305    -94.25770     72.0000  -312.00009  -240.00011    19.8282   -74.4295
 401  20191224 20200422    -67.04220    120.0000  -312.00009  -192.00010    19.8282   -47.2140
 402  20191224 20200504    -76.64470    132.0000  -312.00009  -180.00009    19.8282   -56.8165
 403  20191224 20200609    -48.65560    168.0000  -312.00009  -144.00007    19.8282   -28.8274
 404  20191224 20200621    -71.72690    180.0000  -312.00009  -132.00006    19.8282   -51.8987
 405  20191224 20200703      1.91530    192.0000  -312.00009  -120.00006    19.8282    21.7435
 406  20200105 20200117    -48.11530     12.0000  -300.00010  -288.00010   -31.9958   -80.1111
 407  20200105 20200129    -40.56940     24.0000  -300.00010  -276.00011   -31.9958   -72.5652
 408  20200105 20200210      0.28820     36.0000  -300.00010  -264.00011   -31.9958   -31.7076
 409  20200105 20200222      4.91690     48.0000  -300.00010  -252.00011   -31.9958   -27.0789
 410  20200105 20200305    -42.43370     60.0000  -300.00010  -240.00011   -31.9958   -74.4295
 411  20200105 20200317    -97.45230     72.0000  -300.00010  -228.00011   -31.9958  -129.4481
 412  20200105 20200329    -73.37820     84.0000  -300.00010  -216.00011   -31.9958  -105.3740
 413  20200105 20200410    -56.80360     96.0000  -300.00010  -204.00011   -31.9958   -88.7994
 414  20200105 20200422    -15.21820    108.0000  -300.00010  -192.00010   -31.9958   -47.2140
 415  20200105 20200504    -24.82070    120.0000  -300.00010  -180.00009   -31.9958   -56.8165
 416  20200105 20200516    -56.75390    132.0000  -300.00010  -168.00009   -31.9958   -88.7497
 417  20200105 20200528    -74.52080    144.0000  -300.00010  -156.00008   -31.9958  -106.5166
 418  20200105 20200609      3.16840    156.0000  -300.00010  -144.00007   -31.9958   -28.8274
 419  20200105 20200621    -19.90290    168.0000  -300.00010  -132.00006   -31.9958   -51.8987
 420  20200105 20200703     53.73930    180.0000  -300.00010  -120.00006   -31.9958    21.7435
 421  20200105 20200715    -23.35960    192.0001  -300.00010  -108.00005   -31.9958   -55.3554
 422  20200117 20200129      7.54590     12.0000  -288.00010  -276.00011   -80.1111   -72.5652
 423  20200117 20200210     48.40350     24.0000  -288.00010  -264.00011   -80.1111   -31.7076
 424  20200117 20200222     53.03220     36.0000  -288.00010  -252.00011   -80.1111   -27.0789
 425  20200117 20200305      5.68160     48.0000  -288.00010  -240.00011   -80.1111   -74.4295
 426  20200117 20200317    -49.33700     60.0000  -288.00010  -228.00011   -80.1111  -129.4481
 427  20200117 20200329    -25.26290     72.0000  -288.00010  -216.00011   -80.1111  -105.3740
 428  20200117 20200410     -8.68830     84.0000  -288.00010  -204.00011   -80.1111   -88.7994
 429  20200117 20200422     32.89710     96.0000  -288.00010  -192.00010   -80.1111   -47.2140
 430  20200117 20200504     23.29460    108.0000  -288.00010  -180.00009   -80.1111   -56.8165
 431  20200117 20200516     -8.63860    120.0000  -288.00010  -168.00009   -80.1111   -88.7497
 432  20200117 20200528    -26.40550    132.0000  -288.00010  -156.00008   -80.1111  -106.5166
 433  20200117 20200609     51.28370    144.0000  -288.00010  -144.00007   -80.1111   -28.8274
 434  20200117 20200621     28.21240    156.0000  -288.00010  -132.00006   -80.1111   -51.8987
 435  20200117 20200715     24.75570    180.0001  -288.00010  -108.00005   -80.1111   -55.3554
 436  20200117 20200727    -72.12180    192.0001  -288.00010   -96.00004   -80.1111  -152.2329
 437  20200129 20200210     40.85760     12.0000  -276.00011  -264.00011   -72.5652   -31.7076
 438  20200129 20200222     45.48630     24.0000  -276.00011  -252.00011   -72.5652   -27.0789
 439  20200129 20200305     -1.86430     36.0000  -276.00011  -240.00011   -72.5652   -74.4295
 440  20200129 20200317    -56.88290     48.0000  -276.00011  -228.00011   -72.5652  -129.4481
 441  20200129 20200329    -32.80880     60.0000  -276.00011  -216.00011   -72.5652  -105.3740
 442  20200129 20200410    -16.23420     72.0000  -276.00011  -204.00011   -72.5652   -88.7994
 443  20200129 20200422     25.35120     84.0000  -276.00011  -192.00010   -72.5652   -47.2140
 444  20200129 20200504     15.74870     96.0000  -276.00011  -180.00009   -72.5652   -56.8165
 445  20200129 20200516    -16.18450    108.0000  -276.00011  -168.00009   -72.5652   -88.7497
 446  20200129 20200528    -33.95140    120.0000  -276.00011  -156.00008   -72.5652  -106.5166
 447  20200129 20200609     43.73780    132.0000  -276.00011  -144.00007   -72.5652   -28.8274
 448  20200129 20200621     20.66650    144.0000  -276.00011  -132.00006   -72.5652   -51.8987
 449  20200129 20200703     94.30870    156.0001  -276.00011  -120.00006   -72.5652    21.7435
 450  20200129 20200715     17.20980    168.0001  -276.00011  -108.00005   -72.5652   -55.3554
 451  20200129 20200727    -79.66770    180.0001  -276.00011   -96.00004   -72.5652  -152.2329
 452  20200129 20200808    -26.88720    192.0001  -276.00011   -84.00003   -72.5652   -99.4524
 453  20200210 20200222      4.62870     12.0000  -264.00011  -252.00011   -31.7076   -27.0789
 454  20200210 20200305    -42.72190     24.0000  -264.00011  -240.00011   -31.7076   -74.4295
 455  20200210 20200317    -97.74050     36.0000  -264.00011  -228.00011   -31.7076  -129.4481
 456  20200210 20200329    -73.66640     48.0000  -264.00011  -216.00011   -31.7076  -105.3740
 457  20200210 20200410    -57.09180     60.0000  -264.00011  -204.00011   -31.7076   -88.7994
 458  20200210 20200422    -15.50640     72.0000  -264.00011  -192.00010   -31.7076   -47.2140
 459  20200210 20200504    -25.10890     84.0000  -264.00011  -180.00009   -31.7076   -56.8165
 460  20200210 20200516    -57.04210     96.0000  -264.00011  -168.00009   -31.7076   -88.7497
 461  20200210 20200528    -74.80900    108.0000  -264.00011  -156.00008   -31.7076  -106.5166
 462  20200210 20200609      2.88020    120.0000  -264.00011  -144.00007   -31.7076   -28.8274
 463  20200210 20200621    -20.19110    132.0001  -264.00011  -132.00006   -31.7076   -51.8987
 464  20200210 20200703     53.45110    144.0001  -264.00011  -120.00006   -31.7076    21.7435
 465  20200210 20200715    -23.64780    156.0001  -264.00011  -108.00005   -31.7076   -55.3554
 466  20200210 20200808    -67.74480    180.0001  -264.00011   -84.00003   -31.7076   -99.4524
 467  20200210 20200820     58.95550    192.0001  -264.00011   -72.00002   -31.7076    27.2479
 468  20200222 20200305    -47.35060     12.0000  -252.00011  -240.00011   -27.0789   -74.4295
 469  20200222 20200329    -78.29510     36.0000  -252.00011  -216.00011   -27.0789  -105.3740
 470  20200222 20200410    -61.72050     48.0000  -252.00011  -204.00011   -27.0789   -88.7994
 471  20200222 20200422    -20.13510     60.0000  -252.00011  -192.00010   -27.0789   -47.2140
 472  20200222 20200504    -29.73760     72.0000  -252.00011  -180.00009   -27.0789   -56.8165
 473  20200222 20200516    -61.67080     84.0000  -252.00011  -168.00009   -27.0789   -88.7497
 474  20200222 20200528    -79.43770     96.0000  -252.00011  -156.00008   -27.0789  -106.5166
 475  20200222 20200609     -1.74850    108.0000  -252.00011  -144.00007   -27.0789   -28.8274
 476  20200222 20200621    -24.81980    120.0001  -252.00011  -132.00006   -27.0789   -51.8987
 477  20200222 20200703     48.82240    132.0001  -252.00011  -120.00006   -27.0789    21.7435
 478  20200222 20200715    -28.27650    144.0001  -252.00011  -108.00005   -27.0789   -55.3554
 479  20200222 20200808    -72.37350    168.0001  -252.00011   -84.00003   -27.0789   -99.4524
 480  20200222 20200820     54.32680    180.0001  -252.00011   -72.00002   -27.0789    27.2479
 481  20200222 20200901    -39.96900    192.0001  -252.00011   -60.00001   -27.0789   -67.0479
 482  20200305 20200317    -55.01860     12.0000  -240.00011  -228.00011   -74.4295  -129.4481
 483  20200305 20200329    -30.94450     24.0000  -240.00011  -216.00011   -74.4295  -105.3740
 484  20200305 20200410    -14.36990     36.0000  -240.00011  -204.00011   -74.4295   -88.7994
 485  20200305 20200422     27.21550     48.0000  -240.00011  -192.00010   -74.4295   -47.2140
 486  20200305 20200504     17.61300     60.0000  -240.00011  -180.00009   -74.4295   -56.8165
 487  20200305 20200516    -14.32020     72.0000  -240.00011  -168.00009   -74.4295   -88.7497
 488  20200305 20200528    -32.08710     84.0000  -240.00011  -156.00008   -74.4295  -106.5166
 489  20200305 20200609     45.60210     96.0000  -240.00011  -144.00007   -74.4295   -28.8274
 490  20200305 20200621     22.53080    108.0001  -240.00011  -132.00006   -74.4295   -51.8987
 491  20200305 20200703     96.17300    120.0001  -240.00011  -120.00006   -74.4295    21.7435
 492  20200305 20200715     19.07410    132.0001  -240.00011  -108.00005   -74.4295   -55.3554
 493  20200305 20200727    -77.80340    144.0001  -240.00011   -96.00004   -74.4295  -152.2329
 494  20200305 20200808    -25.02290    156.0001  -240.00011   -84.00003   -74.4295   -99.4524
 495  20200305 20200901      7.38160    180.0001  -240.00011   -60.00001   -74.4295   -67.0479
 496  20200305 20200913    -66.35840    192.0001  -240.00011   -48.00001   -74.4295  -140.7879
 497  20200317 20200329     24.07410     12.0000  -228.00011  -216.00011  -129.4481  -105.3740
 498  20200317 20200410     40.64870     24.0000  -228.00011  -204.00011  -129.4481   -88.7994
 499  20200317 20200422     82.23410     36.0000  -228.00011  -192.00010  -129.4481   -47.2140
 500  20200317 20200504     72.63160     48.0000  -228.00011  -180.00009  -129.4481   -56.8165
 501  20200317 20200516     40.69840     60.0000  -228.00011  -168.00009  -129.4481   -88.7497
 502  20200317 20200528     22.93150     72.0000  -228.00011  -156.00008  -129.4481  -106.5166
 503  20200317 20200621     77.54940     96.0001  -228.00011  -132.00006  -129.4481   -51.8987
 504  20200317 20200715     74.09270    120.0001  -228.00011  -108.00005  -129.4481   -55.3554
 505  20200317 20200727    -22.78480    132.0001  -228.00011   -96.00004  -129.4481  -152.2329
 506  20200317 20200808     29.99570    144.0001  -228.00011   -84.00003  -129.4481   -99.4524
 507  20200317 20200901     62.40020    168.0001  -228.00011   -60.00001  -129.4481   -67.0479
 508  20200317 20200913    -11.33980    180.0001  -228.00011   -48.00001  -129.4481  -140.7879
 509  20200317 20200925    -36.77700    192.0001  -228.00011   -36.00000  -129.4481  -166.2251
 510  20200329 20200410     16.57460     12.0000  -216.00011  -204.00011  -105.3740   -88.7994
 511  20200329 20200422     58.16000     24.0000  -216.00011  -192.00010  -105.3740   -47.2140
 512  20200329 20200504     48.55750     36.0000  -216.00011  -180.00009  -105.3740   -56.8165
 513  20200329 20200516     16.62430     48.0000  -216.00011  -168.00009  -105.3740   -88.7497
 514  20200329 20200528     -1.14260     60.0000  -216.00011  -156.00008  -105.3740  -106.5166
 515  20200329 20200609     76.54660     72.0000  -216.00011  -144.00007  -105.3740   -28.8274
 516  20200329 20200621     53.47530     84.0000  -216.00011  -132.00006  -105.3740   -51.8987
 517  20200329 20200715     50.01860    108.0001  -216.00011  -108.00005  -105.3740   -55.3554
 518  20200329 20200727    -46.85890    120.0001  -216.00011   -96.00004  -105.3740  -152.2329
 519  20200329 20200808      5.92160    132.0001  -216.00011   -84.00003  -105.3740   -99.4524
 520  20200329 20200901     38.32610    156.0001  -216.00011   -60.00001  -105.3740   -67.0479
 521  20200329 20200913    -35.41390    168.0001  -216.00011   -48.00001  -105.3740  -140.7879
 522  20200329 20200925    -60.85110    180.0001  -216.00011   -36.00000  -105.3740  -166.2251
 523  20200329 20201007    -53.45780    192.0001  -216.00011   -24.00000  -105.3740  -158.8318
 524  20200410 20200422     41.58540     12.0000  -204.00011  -192.00010   -88.7994   -47.2140
 525  20200410 20200504     31.98290     24.0000  -204.00011  -180.00009   -88.7994   -56.8165
 526  20200410 20200516      0.04970     36.0000  -204.00011  -168.00009   -88.7994   -88.7497
 527  20200410 20200528    -17.71720     48.0000  -204.00011  -156.00008   -88.7994  -106.5166
 528  20200410 20200609     59.97200     60.0000  -204.00011  -144.00007   -88.7994   -28.8274
 529  20200410 20200621     36.90070     72.0000  -204.00011  -132.00006   -88.7994   -51.8987
 530  20200410 20200715     33.44400     96.0001  -204.00011  -108.00005   -88.7994   -55.3554
 531  20200410 20200727    -63.43350    108.0001  -204.00011   -96.00004   -88.7994  -152.2329
 532  20200410 20200808    -10.65300    120.0001  -204.00011   -84.00003   -88.7994   -99.4524
 533  20200410 20200901     21.75150    144.0001  -204.00011   -60.00001   -88.7994   -67.0479
 534  20200410 20200913    -51.98850    156.0001  -204.00011   -48.00001   -88.7994  -140.7879
 535  20200410 20200925    -77.42570    168.0001  -204.00011   -36.00000   -88.7994  -166.2251
 536  20200410 20201007    -70.03240    180.0001  -204.00011   -24.00000   -88.7994  -158.8318
 537  20200410 20201019     42.23710    192.0001  -204.00011   -12.00000   -88.7994   -46.5623
 538  20200422 20200504     -9.60250     12.0000  -192.00010  -180.00009   -47.2140   -56.8165
 539  20200422 20200516    -41.53570     24.0000  -192.00010  -168.00009   -47.2140   -88.7497
 540  20200422 20200528    -59.30260     36.0000  -192.00010  -156.00008   -47.2140  -106.5166
 541  20200422 20200609     18.38660     48.0000  -192.00010  -144.00007   -47.2140   -28.8274
 542  20200422 20200621     -4.68470     60.0000  -192.00010  -132.00006   -47.2140   -51.8987
 543  20200422 20200703     68.95750     72.0000  -192.00010  -120.00006   -47.2140    21.7435
 544  20200422 20200715     -8.14140     84.0001  -192.00010  -108.00005   -47.2140   -55.3554
 545  20200422 20200808    -52.23840    108.0001  -192.00010   -84.00003   -47.2140   -99.4524
 546  20200422 20200820     74.46190    120.0001  -192.00010   -72.00002   -47.2140    27.2479
 547  20200422 20200901    -19.83390    132.0001  -192.00010   -60.00001   -47.2140   -67.0479
 548  20200422 20200913    -93.57390    144.0001  -192.00010   -48.00001   -47.2140  -140.7879
 549  20200422 20201019      0.65170    180.0001  -192.00010   -12.00000   -47.2140   -46.5623
 550  20200422 20201031     47.21400    192.0001  -192.00010     0.00000   -47.2140     0.0000
 551  20200504 20200516    -31.93320     12.0000  -180.00009  -168.00009   -56.8165   -88.7497
 552  20200504 20200528    -49.70010     24.0000  -180.00009  -156.00008   -56.8165  -106.5166
 553  20200504 20200609     27.98910     36.0000  -180.00009  -144.00007   -56.8165   -28.8274
 554  20200504 20200621      4.91780     48.0000  -180.00009  -132.00006   -56.8165   -51.8987
 555  20200504 20200703     78.56000     60.0000  -180.00009  -120.00006   -56.8165    21.7435
 556  20200504 20200715      1.46110     72.0000  -180.00009  -108.00005   -56.8165   -55.3554
 557  20200504 20200727    -95.41640     84.0001  -180.00009   -96.00004   -56.8165  -152.2329
 558  20200504 20200808    -42.63590     96.0001  -180.00009   -84.00003   -56.8165   -99.4524
 559  20200504 20200820     84.06440    108.0001  -180.00009   -72.00002   -56.8165    27.2479
 560  20200504 20200901    -10.23140    120.0001  -180.00009   -60.00001   -56.8165   -67.0479
 561  20200504 20200913    -83.97140    132.0001  -180.00009   -48.00001   -56.8165  -140.7879
 562  20200504 20201019     10.25420    168.0001  -180.00009   -12.00000   -56.8165   -46.5623
 563  20200504 20201031     56.81650    180.0001  -180.00009     0.00000   -56.8165     0.0000
 564  20200516 20200528    -17.76690     12.0000  -168.00009  -156.00008   -88.7497  -106.5166
 565  20200516 20200609     59.92230     24.0000  -168.00009  -144.00007   -88.7497   -28.8274
 566  20200516 20200621     36.85100     36.0000  -168.00009  -132.00006   -88.7497   -51.8987
 567  20200516 20200715     33.39430     60.0000  -168.00009  -108.00005   -88.7497   -55.3554
 568  20200516 20200727    -63.48320     72.0001  -168.00009   -96.00004   -88.7497  -152.2329
 569  20200516 20200808    -10.70270     84.0001  -168.00009   -84.00003   -88.7497   -99.4524
 570  20200516 20200901     21.70180    108.0001  -168.00009   -60.00001   -88.7497   -67.0479
 571  20200516 20200913    -52.03820    120.0001  -168.00009   -48.00001   -88.7497  -140.7879
 572  20200516 20200925    -77.47540    132.0001  -168.00009   -36.00000   -88.7497  -166.2251
 573  20200516 20201007    -70.08210    144.0001  -168.00009   -24.00000   -88.7497  -158.8318
 574  20200516 20201019     42.18740    156.0001  -168.00009   -12.00000   -88.7497   -46.5623
 575  20200516 20201031     88.74970    168.0001  -168.00009     0.00000   -88.7497     0.0000
 576  20200528 20200609     77.68920     12.0000  -156.00008  -144.00007  -106.5166   -28.8274
 577  20200528 20200621     54.61790     24.0000  -156.00008  -132.00006  -106.5166   -51.8987
 578  20200528 20200715     51.16120     48.0000  -156.00008  -108.00005  -106.5166   -55.3554
 579  20200528 20200727    -45.71630     60.0000  -156.00008   -96.00004  -106.5166  -152.2329
 580  20200528 20200808      7.06420     72.0000  -156.00008   -84.00003  -106.5166   -99.4524
 581  20200528 20200901     39.46870     96.0001  -156.00008   -60.00001  -106.5166   -67.0479
 582  20200528 20200913    -34.27130    108.0001  -156.00008   -48.00001  -106.5166  -140.7879
 583  20200528 20200925    -59.70850    120.0001  -156.00008   -36.00000  -106.5166  -166.2251
 584  20200528 20201007    -52.31520    132.0001  -156.00008   -24.00000  -106.5166  -158.8318
 585  20200528 20201019     59.95430    144.0001  -156.00008   -12.00000  -106.5166   -46.5623
 586  20200609 20200621    -23.07130     12.0000  -144.00007  -132.00006   -28.8274   -51.8987
 587  20200609 20200703     50.57090     24.0000  -144.00007  -120.00006   -28.8274    21.7435
 588  20200609 20200715    -26.52800     36.0000  -144.00007  -108.00005   -28.8274   -55.3554
 589  20200609 20200808    -70.62500     60.0000  -144.00007   -84.00003   -28.8274   -99.4524
 590  20200609 20200820     56.07530     72.0000  -144.00007   -72.00002   -28.8274    27.2479
 591  20200609 20200901    -38.22050     84.0001  -144.00007   -60.00001   -28.8274   -67.0479
 592  20200609 20201019    -17.73490    132.0001  -144.00007   -12.00000   -28.8274   -46.5623
 593  20200609 20201031     28.82740    144.0001  -144.00007     0.00000   -28.8274     0.0000
 594  20200621 20200703     73.64220     12.0000  -132.00006  -120.00006   -51.8987    21.7435
 595  20200621 20200715     -3.45670     24.0000  -132.00006  -108.00005   -51.8987   -55.3554
 596  20200621 20200808    -47.55370     48.0000  -132.00006   -84.00003   -51.8987   -99.4524
 597  20200621 20200820     79.14660     60.0000  -132.00006   -72.00002   -51.8987    27.2479
 598  20200621 20200901    -15.14920     72.0000  -132.00006   -60.00001   -51.8987   -67.0479
 599  20200621 20200913    -88.88920     84.0001  -132.00006   -48.00001   -51.8987  -140.7879
 600  20200621 20201019      5.33640    120.0001  -132.00006   -12.00000   -51.8987   -46.5623
 601  20200621 20201031     51.89870    132.0001  -132.00006     0.00000   -51.8987     0.0000
 602  20200703 20200715    -77.09890     12.0000  -120.00006  -108.00005    21.7435   -55.3554
 603  20200703 20200820      5.50440     48.0000  -120.00006   -72.00002    21.7435    27.2479
 604  20200703 20200901    -88.79140     60.0000  -120.00006   -60.00001    21.7435   -67.0479
 605  20200703 20201019    -68.30580    108.0001  -120.00006   -12.00000    21.7435   -46.5623
 606  20200703 20201031    -21.74350    120.0001  -120.00006     0.00000    21.7435     0.0000
 607  20200715 20200727    -96.87750     12.0000  -108.00005   -96.00004   -55.3554  -152.2329
 608  20200715 20200808    -44.09700     24.0000  -108.00005   -84.00003   -55.3554   -99.4524
 609  20200715 20200820     82.60330     36.0000  -108.00005   -72.00002   -55.3554    27.2479
 610  20200715 20200901    -11.69250     48.0000  -108.00005   -60.00001   -55.3554   -67.0479
 611  20200715 20200913    -85.43250     60.0000  -108.00005   -48.00001   -55.3554  -140.7879
 612  20200715 20201019      8.79310     96.0000  -108.00005   -12.00000   -55.3554   -46.5623
 613  20200715 20201031     55.35540    108.0000  -108.00005     0.00000   -55.3554     0.0000
 614  20200727 20200808     52.78050     12.0000   -96.00004   -84.00003  -152.2329   -99.4524
 615  20200727 20200901     85.18500     36.0000   -96.00004   -60.00001  -152.2329   -67.0479
 616  20200727 20200913     11.44500     48.0000   -96.00004   -48.00001  -152.2329  -140.7879
 617  20200727 20200925    -13.99220     60.0000   -96.00004   -36.00000  -152.2329  -166.2251
 618  20200727 20201007     -6.59890     72.0000   -96.00004   -24.00000  -152.2329  -158.8318
 619  20200808 20200901     32.40450     24.0000   -84.00003   -60.00001   -99.4524   -67.0479
 620  20200808 20200913    -41.33550     36.0000   -84.00003   -48.00001   -99.4524  -140.7879
 621  20200808 20200925    -66.77270     48.0000   -84.00003   -36.00000   -99.4524  -166.2251
 622  20200808 20201007    -59.37940     60.0000   -84.00003   -24.00000   -99.4524  -158.8318
 623  20200808 20201019     52.89010     72.0000   -84.00003   -12.00000   -99.4524   -46.5623
 624  20200808 20201031     99.45240     84.0000   -84.00003     0.00000   -99.4524     0.0000
 625  20200820 20200901    -94.29580     12.0000   -72.00002   -60.00001    27.2479   -67.0479
 626  20200820 20201019    -73.81020     60.0000   -72.00002   -12.00000    27.2479   -46.5623
 627  20200820 20201031    -27.24790     72.0000   -72.00002     0.00000    27.2479     0.0000
 628  20200901 20200913    -73.74000     12.0000   -60.00001   -48.00001   -67.0479  -140.7879
 629  20200901 20200925    -99.17720     24.0000   -60.00001   -36.00000   -67.0479  -166.2251
 630  20200901 20201007    -91.78390     36.0000   -60.00001   -24.00000   -67.0479  -158.8318
 631  20200901 20201019     20.48560     48.0000   -60.00001   -12.00000   -67.0479   -46.5623
 632  20200901 20201031     67.04790     60.0000   -60.00001     0.00000   -67.0479     0.0000
 633  20200913 20200925    -25.43720     12.0000   -48.00001   -36.00000  -140.7879  -166.2251
 634  20200913 20201007    -18.04390     24.0000   -48.00001   -24.00000  -140.7879  -158.8318
 635  20200913 20201019     94.22560     36.0000   -48.00001   -12.00000  -140.7879   -46.5623
 636  20200925 20201007      7.39330     12.0000   -36.00000   -24.00000  -166.2251  -158.8318
 637  20201019 20201031     46.56230     12.0000   -12.00000     0.00000   -46.5623     0.0000
