   1  20201112 20201124     27.90120     12.0000  -107.99996   -95.99996   -17.9369     9.9643
   2  20201112 20201206    -29.36380     24.0000  -107.99996   -83.99996   -17.9369   -47.3007
   3  20201112 20201218    -26.57190     36.0000  -107.99996   -71.99997   -17.9369   -44.5088
   4  20201112 20201230     70.00930     48.0000  -107.99996   -59.99998   -17.9369    52.0724
   5  20201112 20210111     94.73140     60.0000  -107.99996   -47.99998   -17.9369    76.7945
   6  20201112 20210123     62.93880     72.0000  -107.99996   -35.99999   -17.9369    45.0019
   7  20201112 20210204      2.71510     84.0000  -107.99996   -23.99999   -17.9369   -15.2218
   8  20201112 20210216     -6.73100     96.0000  -107.99996   -12.00000   -17.9369   -24.6679
   9  20201112 20210228     17.93690    108.0000  -107.99996     0.00000   -17.9369     0.0000
  10  20201112 20210312     33.23570    120.0000  -107.99996    12.00000   -17.9369    15.2988
  11  20201112 20210324     -4.10260    132.0000  -107.99996    24.00000   -17.9369   -22.0395
  12  20201112 20210405     -8.84200    144.0000  -107.99996    36.00001   -17.9369   -26.7789
  13  20201112 20210417    -50.13290    156.0000  -107.99996    48.00001   -17.9369   -68.0698
  14  20201112 20210429     97.53650    168.0000  -107.99996    60.00002   -17.9369    79.5996
  15  20201112 20210511      4.02230    180.0000  -107.99996    72.00003   -17.9369   -13.9146
  16  20201112 20210523    -32.22710    192.0000  -107.99996    84.00003   -17.9369   -50.1640
  17  20201124 20201206    -57.26500     12.0000   -95.99996   -83.99996     9.9643   -47.3007
  18  20201124 20201218    -54.47310     24.0000   -95.99996   -71.99997     9.9643   -44.5088
  19  20201124 20201230     42.10810     36.0000   -95.99996   -59.99998     9.9643    52.0724
  20  20201124 20210111     66.83020     48.0000   -95.99996   -47.99998     9.9643    76.7945
  21  20201124 20210123     35.03760     60.0000   -95.99996   -35.99999     9.9643    45.0019
  22  20201124 20210204    -25.18610     72.0000   -95.99996   -23.99999     9.9643   -15.2218
  23  20201124 20210216    -34.63220     84.0000   -95.99996   -12.00000     9.9643   -24.6679
  24  20201124 20210228     -9.96430     96.0000   -95.99996     0.00000     9.9643     0.0000
  25  20201124 20210312      5.33450    108.0000   -95.99996    12.00000     9.9643    15.2988
  26  20201124 20210324    -32.00380    120.0000   -95.99996    24.00000     9.9643   -22.0395
  27  20201124 20210405    -36.74320    132.0000   -95.99996    36.00001     9.9643   -26.7789
  28  20201124 20210417    -78.03410    144.0000   -95.99996    48.00001     9.9643   -68.0698
  29  20201124 20210429     69.63530    156.0000   -95.99996    60.00002     9.9643    79.5996
  30  20201124 20210511    -23.87890    168.0000   -95.99996    72.00003     9.9643   -13.9146
  31  20201124 20210523    -60.12830    180.0000   -95.99996    84.00003     9.9643   -50.1640
  32  20201124 20210604    -84.24990    192.0000   -95.99996    96.00004     9.9643   -74.2856
  33  20201206 20201218      2.79190     12.0000   -83.99996   -71.99997   -47.3007   -44.5088
  34  20201206 20201230     99.37310     24.0000   -83.99996   -59.99998   -47.3007    52.0724
  35  20201206 20210123     92.30260     48.0000   -83.99996   -35.99999   -47.3007    45.0019
  36  20201206 20210204     32.07890     60.0000   -83.99996   -23.99999   -47.3007   -15.2218
  37  20201206 20210216     22.63280     72.0000   -83.99996   -12.00000   -47.3007   -24.6679
  38  20201206 20210228     47.30070     84.0000   -83.99996     0.00000   -47.3007     0.0000
  39  20201206 20210312     62.59950     96.0000   -83.99996    12.00000   -47.3007    15.2988
  40  20201206 20210324     25.26120    108.0000   -83.99996    24.00000   -47.3007   -22.0395
  41  20201206 20210405     20.52180    120.0000   -83.99996    36.00001   -47.3007   -26.7789
  42  20201206 20210417    -20.76910    132.0000   -83.99996    48.00001   -47.3007   -68.0698
  43  20201206 20210511     33.38610    156.0000   -83.99996    72.00003   -47.3007   -13.9146
  44  20201206 20210523     -2.86330    168.0000   -83.99996    84.00003   -47.3007   -50.1640
  45  20201206 20210604    -26.98490    180.0000   -83.99996    96.00004   -47.3007   -74.2856
  46  20201206 20210616    -34.00970    192.0000   -83.99996   108.00005   -47.3007   -81.3104
  47  20201218 20201230     96.58120     12.0000   -71.99997   -59.99998   -44.5088    52.0724
  48  20201218 20210123     89.51070     36.0000   -71.99997   -35.99999   -44.5088    45.0019
  49  20201218 20210204     29.28700     48.0000   -71.99997   -23.99999   -44.5088   -15.2218
  50  20201218 20210216     19.84090     60.0000   -71.99997   -12.00000   -44.5088   -24.6679
  51  20201218 20210228     44.50880     72.0000   -71.99997     0.00000   -44.5088     0.0000
  52  20201218 20210312     59.80760     84.0000   -71.99997    12.00000   -44.5088    15.2988
  53  20201218 20210324     22.46930     96.0000   -71.99997    24.00000   -44.5088   -22.0395
  54  20201218 20210405     17.72990    108.0000   -71.99997    36.00001   -44.5088   -26.7789
  55  20201218 20210417    -23.56100    120.0000   -71.99997    48.00001   -44.5088   -68.0698
  56  20201218 20210511     30.59420    144.0000   -71.99997    72.00003   -44.5088   -13.9146
  57  20201218 20210523     -5.65520    156.0000   -71.99997    84.00003   -44.5088   -50.1640
  58  20201218 20210604    -29.77680    168.0000   -71.99997    96.00004   -44.5088   -74.2856
  59  20201218 20210616    -36.80160    180.0000   -71.99997   108.00005   -44.5088   -81.3104
  60  20201218 20210628     38.42360    192.0000   -71.99997   120.00006   -44.5088    -6.0852
  61  20201230 20210111     24.72210     12.0000   -59.99998   -47.99998    52.0724    76.7945
  62  20201230 20210123     -7.07050     24.0000   -59.99998   -35.99999    52.0724    45.0019
  63  20201230 20210204    -67.29420     36.0000   -59.99998   -23.99999    52.0724   -15.2218
  64  20201230 20210216    -76.74030     48.0000   -59.99998   -12.00000    52.0724   -24.6679
  65  20201230 20210228    -52.07240     60.0000   -59.99998     0.00000    52.0724     0.0000
  66  20201230 20210312    -36.77360     72.0000   -59.99998    12.00000    52.0724    15.2988
  67  20201230 20210324    -74.11190     84.0000   -59.99998    24.00000    52.0724   -22.0395
  68  20201230 20210405    -78.85130     96.0000   -59.99998    36.00001    52.0724   -26.7789
  69  20201230 20210429     27.52720    120.0000   -59.99998    60.00002    52.0724    79.5996
  70  20201230 20210511    -65.98700    132.0000   -59.99998    72.00003    52.0724   -13.9146
  71  20201230 20210628    -58.15760    180.0000   -59.99998   120.00006    52.0724    -6.0852
  72  20201230 20210710    -22.43510    192.0000   -59.99998   132.00007    52.0724    29.6373
  73  20210111 20210123    -31.79260     12.0000   -47.99998   -35.99999    76.7945    45.0019
  74  20210111 20210204    -92.01630     24.0000   -47.99998   -23.99999    76.7945   -15.2218
  75  20210111 20210228    -76.79450     48.0000   -47.99998     0.00000    76.7945     0.0000
  76  20210111 20210312    -61.49570     60.0000   -47.99998    12.00000    76.7945    15.2988
  77  20210111 20210324    -98.83400     72.0000   -47.99998    24.00000    76.7945   -22.0395
  78  20210111 20210429      2.80510    108.0000   -47.99998    60.00002    76.7945    79.5996
  79  20210111 20210511    -90.70910    120.0000   -47.99998    72.00003    76.7945   -13.9146
  80  20210111 20210628    -82.87970    168.0000   -47.99998   120.00006    76.7945    -6.0852
  81  20210111 20210710    -47.15720    180.0001   -47.99998   132.00007    76.7945    29.6373
  82  20210111 20210722    -81.60940    192.0001   -47.99998   144.00007    76.7945    -4.8149
  83  20210123 20210204    -60.22370     12.0000   -35.99999   -23.99999    45.0019   -15.2218
  84  20210123 20210216    -69.66980     24.0000   -35.99999   -12.00000    45.0019   -24.6679
  85  20210123 20210228    -45.00190     36.0000   -35.99999     0.00000    45.0019     0.0000
  86  20210123 20210312    -29.70310     48.0000   -35.99999    12.00000    45.0019    15.2988
  87  20210123 20210324    -67.04140     60.0000   -35.99999    24.00000    45.0019   -22.0395
  88  20210123 20210405    -71.78080     72.0000   -35.99999    36.00001    45.0019   -26.7789
  89  20210123 20210429     34.59770     96.0000   -35.99999    60.00002    45.0019    79.5996
  90  20210123 20210511    -58.91650    108.0000   -35.99999    72.00003    45.0019   -13.9146
  91  20210123 20210523    -95.16590    120.0000   -35.99999    84.00003    45.0019   -50.1640
  92  20210123 20210628    -51.08710    156.0000   -35.99999   120.00006    45.0019    -6.0852
  93  20210123 20210710    -15.36460    168.0001   -35.99999   132.00007    45.0019    29.6373
  94  20210123 20210722    -49.81680    180.0001   -35.99999   144.00007    45.0019    -4.8149
  95  20210204 20210216     -9.44610     12.0000   -23.99999   -12.00000   -15.2218   -24.6679
  96  20210204 20210228     15.22180     24.0000   -23.99999     0.00000   -15.2218     0.0000
  97  20210204 20210312     30.52060     36.0000   -23.99999    12.00000   -15.2218    15.2988
  98  20210204 20210324     -6.81770     48.0000   -23.99999    24.00000   -15.2218   -22.0395
  99  20210204 20210405    -11.55710     60.0000   -23.99999    36.00001   -15.2218   -26.7789
 100  20210204 20210417    -52.84800     72.0000   -23.99999    48.00001   -15.2218   -68.0698
 101  20210204 20210429     94.82140     84.0000   -23.99999    60.00002   -15.2218    79.5996
 102  20210204 20210511      1.30720     96.0000   -23.99999    72.00003   -15.2218   -13.9146
 103  20210204 20210523    -34.94220    108.0000   -23.99999    84.00003   -15.2218   -50.1640
 104  20210204 20210604    -59.06380    120.0000   -23.99999    96.00004   -15.2218   -74.2856
 105  20210204 20210616    -66.08860    132.0000   -23.99999   108.00005   -15.2218   -81.3104
 106  20210204 20210628      9.13660    144.0001   -23.99999   120.00006   -15.2218    -6.0852
 107  20210204 20210710     44.85910    156.0001   -23.99999   132.00007   -15.2218    29.6373
 108  20210204 20210722     10.40690    168.0001   -23.99999   144.00007   -15.2218    -4.8149
 109  20210204 20210803    -39.99770    180.0001   -23.99999   156.00008   -15.2218   -55.2195
 110  20210204 20210815    -27.39200    192.0001   -23.99999   168.00009   -15.2218   -42.6138
 111  20210216 20210228     24.66790     12.0000   -12.00000     0.00000   -24.6679     0.0000
 112  20210216 20210312     39.96670     24.0000   -12.00000    12.00000   -24.6679    15.2988
 113  20210216 20210324      2.62840     36.0000   -12.00000    24.00000   -24.6679   -22.0395
 114  20210216 20210405     -2.11100     48.0000   -12.00000    36.00001   -24.6679   -26.7789
 115  20210216 20210417    -43.40190     60.0000   -12.00000    48.00001   -24.6679   -68.0698
 116  20210216 20210511     10.75330     84.0000   -12.00000    72.00003   -24.6679   -13.9146
 117  20210216 20210523    -25.49610     96.0000   -12.00000    84.00003   -24.6679   -50.1640
 118  20210216 20210604    -49.61770    108.0000   -12.00000    96.00004   -24.6679   -74.2856
 119  20210216 20210616    -56.64250    120.0000   -12.00000   108.00005   -24.6679   -81.3104
 120  20210216 20210628     18.58270    132.0001   -12.00000   120.00006   -24.6679    -6.0852
 121  20210216 20210710     54.30520    144.0001   -12.00000   132.00007   -24.6679    29.6373
 122  20210216 20210722     19.85300    156.0001   -12.00000   144.00007   -24.6679    -4.8149
 123  20210216 20210803    -30.55160    168.0001   -12.00000   156.00008   -24.6679   -55.2195
 124  20210216 20210815    -17.94590    180.0001   -12.00000   168.00009   -24.6679   -42.6138
 125  20210216 20210827    -48.39290    192.0001   -12.00000   180.00010   -24.6679   -73.0608
 126  20210228 20210312     15.29880     12.0000     0.00000    12.00000     0.0000    15.2988
 127  20210228 20210324    -22.03950     24.0000     0.00000    24.00000     0.0000   -22.0395
 128  20210228 20210405    -26.77890     36.0000     0.00000    36.00001     0.0000   -26.7789
 129  20210228 20210417    -68.06980     48.0000     0.00000    48.00001     0.0000   -68.0698
 130  20210228 20210429     79.59960     60.0000     0.00000    60.00002     0.0000    79.5996
 131  20210228 20210511    -13.91460     72.0000     0.00000    72.00003     0.0000   -13.9146
 132  20210228 20210523    -50.16400     84.0000     0.00000    84.00003     0.0000   -50.1640
 133  20210228 20210604    -74.28560     96.0000     0.00000    96.00004     0.0000   -74.2856
 134  20210228 20210616    -81.31040    108.0001     0.00000   108.00005     0.0000   -81.3104
 135  20210228 20210628     -6.08520    120.0001     0.00000   120.00006     0.0000    -6.0852
 136  20210228 20210710     29.63730    132.0001     0.00000   132.00007     0.0000    29.6373
 137  20210228 20210722     -4.81490    144.0001     0.00000   144.00007     0.0000    -4.8149
 138  20210228 20210803    -55.21950    156.0001     0.00000   156.00008     0.0000   -55.2195
 139  20210228 20210815    -42.61380    168.0001     0.00000   168.00009     0.0000   -42.6138
 140  20210228 20210827    -73.06080    180.0001     0.00000   180.00010     0.0000   -73.0608
 141  20210228 20210908    -20.36820    192.0001     0.00000   192.00010     0.0000   -20.3682
 142  20210312 20210324    -37.33830     12.0000    12.00000    24.00000    15.2988   -22.0395
 143  20210312 20210405    -42.07770     24.0000    12.00000    36.00001    15.2988   -26.7789
 144  20210312 20210417    -83.36860     36.0000    12.00000    48.00001    15.2988   -68.0698
 145  20210312 20210429     64.30080     48.0000    12.00000    60.00002    15.2988    79.5996
 146  20210312 20210511    -29.21340     60.0000    12.00000    72.00003    15.2988   -13.9146
 147  20210312 20210523    -65.46280     72.0000    12.00000    84.00003    15.2988   -50.1640
 148  20210312 20210604    -89.58440     84.0000    12.00000    96.00004    15.2988   -74.2856
 149  20210312 20210616    -96.60920     96.0000    12.00000   108.00005    15.2988   -81.3104
 150  20210312 20210628    -21.38400    108.0001    12.00000   120.00006    15.2988    -6.0852
 151  20210312 20210710     14.33850    120.0001    12.00000   132.00007    15.2988    29.6373
 152  20210312 20210722    -20.11370    132.0001    12.00000   144.00007    15.2988    -4.8149
 153  20210312 20210803    -70.51830    144.0001    12.00000   156.00008    15.2988   -55.2195
 154  20210312 20210815    -57.91260    156.0001    12.00000   168.00009    15.2988   -42.6138
 155  20210312 20210827    -88.35960    168.0001    12.00000   180.00010    15.2988   -73.0608
 156  20210312 20210908    -35.66700    180.0001    12.00000   192.00010    15.2988   -20.3682
 157  20210312 20210920     -3.12740    192.0001    12.00000   204.00011    15.2988    12.1714
 158  20210324 20210405     -4.73940     12.0000    24.00000    36.00001   -22.0395   -26.7789
 159  20210324 20210417    -46.03030     24.0000    24.00000    48.00001   -22.0395   -68.0698
 160  20210324 20210511      8.12490     48.0000    24.00000    72.00003   -22.0395   -13.9146
 161  20210324 20210523    -28.12450     60.0000    24.00000    84.00003   -22.0395   -50.1640
 162  20210324 20210604    -52.24610     72.0000    24.00000    96.00004   -22.0395   -74.2856
 163  20210324 20210616    -59.27090     84.0000    24.00000   108.00005   -22.0395   -81.3104
 164  20210324 20210628     15.95430     96.0001    24.00000   120.00006   -22.0395    -6.0852
 165  20210324 20210710     51.67680    108.0001    24.00000   132.00007   -22.0395    29.6373
 166  20210324 20210722     17.22460    120.0001    24.00000   144.00007   -22.0395    -4.8149
 167  20210324 20210803    -33.18000    132.0001    24.00000   156.00008   -22.0395   -55.2195
 168  20210324 20210815    -20.57430    144.0001    24.00000   168.00009   -22.0395   -42.6138
 169  20210324 20210827    -51.02130    156.0001    24.00000   180.00010   -22.0395   -73.0608
 170  20210324 20210908      1.67130    168.0001    24.00000   192.00010   -22.0395   -20.3682
 171  20210324 20210920     34.21090    180.0001    24.00000   204.00011   -22.0395    12.1714
 172  20210324 20211002    -48.30570    192.0001    24.00000   216.00011   -22.0395   -70.3452
 173  20210405 20210417    -41.29090     12.0000    36.00001    48.00001   -26.7789   -68.0698
 174  20210405 20210511     12.86430     36.0000    36.00001    72.00003   -26.7789   -13.9146
 175  20210405 20210523    -23.38510     48.0000    36.00001    84.00003   -26.7789   -50.1640
 176  20210405 20210604    -47.50670     60.0000    36.00001    96.00004   -26.7789   -74.2856
 177  20210405 20210616    -54.53150     72.0000    36.00001   108.00005   -26.7789   -81.3104
 178  20210405 20210628     20.69370     84.0001    36.00001   120.00006   -26.7789    -6.0852
 179  20210405 20210710     56.41620     96.0001    36.00001   132.00007   -26.7789    29.6373
 180  20210405 20210722     21.96400    108.0001    36.00001   144.00007   -26.7789    -4.8149
 181  20210405 20210803    -28.44060    120.0001    36.00001   156.00008   -26.7789   -55.2195
 182  20210405 20210815    -15.83490    132.0001    36.00001   168.00009   -26.7789   -42.6138
 183  20210405 20210827    -46.28190    144.0001    36.00001   180.00010   -26.7789   -73.0608
 184  20210405 20210908      6.41070    156.0001    36.00001   192.00010   -26.7789   -20.3682
 185  20210405 20210920     38.95030    168.0001    36.00001   204.00011   -26.7789    12.1714
 186  20210405 20211002    -43.56630    180.0001    36.00001   216.00011   -26.7789   -70.3452
 187  20210405 20211014    -52.40600    192.0001    36.00001   228.00011   -26.7789   -79.1849
 188  20210417 20210511     54.15520     24.0000    48.00001    72.00003   -68.0698   -13.9146
 189  20210417 20210523     17.90580     36.0000    48.00001    84.00003   -68.0698   -50.1640
 190  20210417 20210604     -6.21580     48.0000    48.00001    96.00004   -68.0698   -74.2856
 191  20210417 20210616    -13.24060     60.0000    48.00001   108.00005   -68.0698   -81.3104
 192  20210417 20210628     61.98460     72.0000    48.00001   120.00006   -68.0698    -6.0852
 193  20210417 20210710     97.70710     84.0001    48.00001   132.00007   -68.0698    29.6373
 194  20210417 20210722     63.25490     96.0001    48.00001   144.00007   -68.0698    -4.8149
 195  20210417 20210803     12.85030    108.0001    48.00001   156.00008   -68.0698   -55.2195
 196  20210417 20210815     25.45600    120.0001    48.00001   168.00009   -68.0698   -42.6138
 197  20210417 20210827     -4.99100    132.0001    48.00001   180.00010   -68.0698   -73.0608
 198  20210417 20210908     47.70160    144.0001    48.00001   192.00010   -68.0698   -20.3682
 199  20210417 20210920     80.24120    156.0001    48.00001   204.00011   -68.0698    12.1714
 200  20210417 20211002     -2.27540    168.0001    48.00001   216.00011   -68.0698   -70.3452
 201  20210417 20211014    -11.11510    180.0001    48.00001   228.00011   -68.0698   -79.1849
 202  20210417 20211026     -7.11110    192.0001    48.00001   240.00011   -68.0698   -75.1809
 203  20210429 20210511    -93.51420     12.0000    60.00002    72.00003    79.5996   -13.9146
 204  20210429 20210628    -85.68480     60.0000    60.00002   120.00006    79.5996    -6.0852
 205  20210429 20210710    -49.96230     72.0000    60.00002   132.00007    79.5996    29.6373
 206  20210429 20210722    -84.41450     84.0001    60.00002   144.00007    79.5996    -4.8149
 207  20210429 20210908    -99.96780    132.0001    60.00002   192.00010    79.5996   -20.3682
 208  20210429 20210920    -67.42820    144.0001    60.00002   204.00011    79.5996    12.1714
 209  20210511 20210523    -36.24940     12.0000    72.00003    84.00003   -13.9146   -50.1640
 210  20210511 20210604    -60.37100     24.0000    72.00003    96.00004   -13.9146   -74.2856
 211  20210511 20210616    -67.39580     36.0000    72.00003   108.00005   -13.9146   -81.3104
 212  20210511 20210628      7.82940     48.0000    72.00003   120.00006   -13.9146    -6.0852
 213  20210511 20210710     43.55190     60.0000    72.00003   132.00007   -13.9146    29.6373
 214  20210511 20210722      9.09970     72.0000    72.00003   144.00007   -13.9146    -4.8149
 215  20210511 20210803    -41.30490     84.0001    72.00003   156.00008   -13.9146   -55.2195
 216  20210511 20210815    -28.69920     96.0001    72.00003   168.00009   -13.9146   -42.6138
 217  20210511 20210827    -59.14620    108.0001    72.00003   180.00010   -13.9146   -73.0608
 218  20210511 20210908     -6.45360    120.0001    72.00003   192.00010   -13.9146   -20.3682
 219  20210511 20210920     26.08600    132.0001    72.00003   204.00011   -13.9146    12.1714
 220  20210511 20211002    -56.43060    144.0001    72.00003   216.00011   -13.9146   -70.3452
 221  20210511 20211014    -65.27030    156.0001    72.00003   228.00011   -13.9146   -79.1849
 222  20210511 20211026    -61.26630    168.0001    72.00003   240.00011   -13.9146   -75.1809
 223  20210523 20210604    -24.12160     12.0000    84.00003    96.00004   -50.1640   -74.2856
 224  20210523 20210616    -31.14640     24.0000    84.00003   108.00005   -50.1640   -81.3104
 225  20210523 20210628     44.07880     36.0000    84.00003   120.00006   -50.1640    -6.0852
 226  20210523 20210710     79.80130     48.0000    84.00003   132.00007   -50.1640    29.6373
 227  20210523 20210722     45.34910     60.0000    84.00003   144.00007   -50.1640    -4.8149
 228  20210523 20210803     -5.05550     72.0001    84.00003   156.00008   -50.1640   -55.2195
 229  20210523 20210815      7.55020     84.0001    84.00003   168.00009   -50.1640   -42.6138
 230  20210523 20210827    -22.89680     96.0001    84.00003   180.00010   -50.1640   -73.0608
 231  20210523 20210908     29.79580    108.0001    84.00003   192.00010   -50.1640   -20.3682
 232  20210523 20210920     62.33540    120.0001    84.00003   204.00011   -50.1640    12.1714
 233  20210523 20211002    -20.18120    132.0001    84.00003   216.00011   -50.1640   -70.3452
 234  20210523 20211014    -29.02090    144.0001    84.00003   228.00011   -50.1640   -79.1849
 235  20210523 20211026    -25.01690    156.0001    84.00003   240.00011   -50.1640   -75.1809
 236  20210604 20210616     -7.02480     12.0000    96.00004   108.00005   -74.2856   -81.3104
 237  20210604 20210628     68.20040     24.0000    96.00004   120.00006   -74.2856    -6.0852
 238  20210604 20210722     69.47070     48.0000    96.00004   144.00007   -74.2856    -4.8149
 239  20210604 20210803     19.06610     60.0000    96.00004   156.00008   -74.2856   -55.2195
 240  20210604 20210815     31.67180     72.0000    96.00004   168.00009   -74.2856   -42.6138
 241  20210604 20210827      1.22480     84.0001    96.00004   180.00010   -74.2856   -73.0608
 242  20210604 20210908     53.91740     96.0001    96.00004   192.00010   -74.2856   -20.3682
 243  20210604 20210920     86.45700    108.0001    96.00004   204.00011   -74.2856    12.1714
 244  20210604 20211002      3.94040    120.0001    96.00004   216.00011   -74.2856   -70.3452
 245  20210604 20211014     -4.89930    132.0001    96.00004   228.00011   -74.2856   -79.1849
 246  20210604 20211026     -0.89530    144.0001    96.00004   240.00011   -74.2856   -75.1809
 247  20210616 20210628     75.22520     12.0000   108.00005   120.00006   -81.3104    -6.0852
 248  20210616 20210722     76.49550     36.0000   108.00005   144.00007   -81.3104    -4.8149
 249  20210616 20210803     26.09090     48.0000   108.00005   156.00008   -81.3104   -55.2195
 250  20210616 20210815     38.69660     60.0000   108.00005   168.00009   -81.3104   -42.6138
 251  20210616 20210827      8.24960     72.0000   108.00005   180.00010   -81.3104   -73.0608
 252  20210616 20210908     60.94220     84.0001   108.00005   192.00010   -81.3104   -20.3682
 253  20210616 20210920     93.48180     96.0001   108.00005   204.00011   -81.3104    12.1714
 254  20210616 20211002     10.96520    108.0001   108.00005   216.00011   -81.3104   -70.3452
 255  20210616 20211014      2.12550    120.0001   108.00005   228.00011   -81.3104   -79.1849
 256  20210616 20211026      6.12950    132.0001   108.00005   240.00011   -81.3104   -75.1809
 257  20210628 20210710     35.72250     12.0000   120.00006   132.00007    -6.0852    29.6373
 258  20210628 20210722      1.27030     24.0000   120.00006   144.00007    -6.0852    -4.8149
 259  20210628 20210803    -49.13430     36.0000   120.00006   156.00008    -6.0852   -55.2195
 260  20210628 20210815    -36.52860     48.0000   120.00006   168.00009    -6.0852   -42.6138
 261  20210628 20210827    -66.97560     60.0000   120.00006   180.00010    -6.0852   -73.0608
 262  20210628 20210908    -14.28300     72.0000   120.00006   192.00010    -6.0852   -20.3682
 263  20210628 20210920     18.25660     84.0001   120.00006   204.00011    -6.0852    12.1714
 264  20210628 20211002    -64.26000     96.0001   120.00006   216.00011    -6.0852   -70.3452
 265  20210628 20211014    -73.09970    108.0001   120.00006   228.00011    -6.0852   -79.1849
 266  20210628 20211026    -69.09570    120.0001   120.00006   240.00011    -6.0852   -75.1809
 267  20210710 20210722    -34.45220     12.0000   132.00007   144.00007    29.6373    -4.8149
 268  20210710 20210803    -84.85680     24.0000   132.00007   156.00008    29.6373   -55.2195
 269  20210710 20210815    -72.25110     36.0000   132.00007   168.00009    29.6373   -42.6138
 270  20210710 20210908    -50.00550     60.0000   132.00007   192.00010    29.6373   -20.3682
 271  20210710 20210920    -17.46590     72.0000   132.00007   204.00011    29.6373    12.1714
 272  20210710 20211002    -99.98250     84.0000   132.00007   216.00011    29.6373   -70.3452
 273  20210722 20210803    -50.40460     12.0000   144.00007   156.00008    -4.8149   -55.2195
 274  20210722 20210815    -37.79890     24.0000   144.00007   168.00009    -4.8149   -42.6138
 275  20210722 20210827    -68.24590     36.0000   144.00007   180.00010    -4.8149   -73.0608
 276  20210722 20210908    -15.55330     48.0000   144.00007   192.00010    -4.8149   -20.3682
 277  20210722 20210920     16.98630     60.0000   144.00007   204.00011    -4.8149    12.1714
 278  20210722 20211002    -65.53030     72.0000   144.00007   216.00011    -4.8149   -70.3452
 279  20210722 20211014    -74.37000     84.0000   144.00007   228.00011    -4.8149   -79.1849
 280  20210722 20211026    -70.36600     96.0000   144.00007   240.00011    -4.8149   -75.1809
 281  20210803 20210815     12.60570     12.0000   156.00008   168.00009   -55.2195   -42.6138
 282  20210803 20210827    -17.84130     24.0000   156.00008   180.00010   -55.2195   -73.0608
 283  20210803 20210908     34.85130     36.0000   156.00008   192.00010   -55.2195   -20.3682
 284  20210803 20210920     67.39090     48.0000   156.00008   204.00011   -55.2195    12.1714
 285  20210803 20211002    -15.12570     60.0000   156.00008   216.00011   -55.2195   -70.3452
 286  20210803 20211014    -23.96540     72.0000   156.00008   228.00011   -55.2195   -79.1849
 287  20210803 20211026    -19.96140     84.0000   156.00008   240.00011   -55.2195   -75.1809
 288  20210815 20210827    -30.44700     12.0000   168.00009   180.00010   -42.6138   -73.0608
 289  20210815 20210908     22.24560     24.0000   168.00009   192.00010   -42.6138   -20.3682
 290  20210815 20210920     54.78520     36.0000   168.00009   204.00011   -42.6138    12.1714
 291  20210815 20211002    -27.73140     48.0000   168.00009   216.00011   -42.6138   -70.3452
 292  20210815 20211014    -36.57110     60.0000   168.00009   228.00011   -42.6138   -79.1849
 293  20210815 20211026    -32.56710     72.0000   168.00009   240.00011   -42.6138   -75.1809
 294  20210827 20210908     52.69260     12.0000   180.00010   192.00010   -73.0608   -20.3682
 295  20210827 20210920     85.23220     24.0000   180.00010   204.00011   -73.0608    12.1714
 296  20210827 20211002      2.71560     36.0000   180.00010   216.00011   -73.0608   -70.3452
 297  20210827 20211014     -6.12410     48.0000   180.00010   228.00011   -73.0608   -79.1849
 298  20210827 20211026     -2.12010     60.0000   180.00010   240.00011   -73.0608   -75.1809
 299  20210908 20210920     32.53960     12.0000   192.00010   204.00011   -20.3682    12.1714
 300  20210908 20211002    -49.97700     24.0000   192.00010   216.00011   -20.3682   -70.3452
 301  20210908 20211014    -58.81670     36.0000   192.00010   228.00011   -20.3682   -79.1849
 302  20210908 20211026    -54.81270     48.0000   192.00010   240.00011   -20.3682   -75.1809
 303  20210920 20211002    -82.51660     12.0000   204.00011   216.00011    12.1714   -70.3452
 304  20210920 20211014    -91.35630     24.0000   204.00011   228.00011    12.1714   -79.1849
 305  20210920 20211026    -87.35230     36.0000   204.00011   240.00011    12.1714   -75.1809
 306  20211002 20211014     -8.83970     12.0000   216.00011   228.00011   -70.3452   -79.1849
 307  20211002 20211026     -4.83570     24.0000   216.00011   240.00011   -70.3452   -75.1809
 308  20211014 20211026      4.00400     12.0000   228.00011   240.00011   -79.1849   -75.1809
